0,8698;0,0250
0,0003;0,2591
0,0384;0,2342
0,9853;0,0019
0,0000;0,4453
0,4208;0,0595
0,0666;0,5432
0,0004;0,2169
0,0017;0,2035
0,1422;0,0691
0,0001;0,3493
0,0279;0,1190
0,2866;0,0902
0,0010;0,2246
0,8554;0,1382
0,0466;0,0998
0,0000;0,6372
0,0025;0,1881
0,9881;0,0019
0,9759;0,0019
0,0975;0,0633
0,0462;0,4242
0,0000;0,3628
0,7821;0,0154
0,9830;0,0019
0,8978;0,0019
0,4168;0,0288
0,8231;0,0115
0,9099;0,0019
0,9116;0,0019
0,9081;0,0019
0,0002;0,3455
0,4759;0,1555
0,0152;0,1977
1,0000;0,0921
0,8934;0,1363
0,0055;0,1766
0,0025;0,2035
0,9004;0,0134
0,6733;0,0595
0,0041;0,2054
0,2831;0,0672
0,0497;0,0921
0,9513;0,0019
0,0029;0,1171
0,7794;0,0154
0,4414;0,0269
0,2527;0,0365
0,0746;0,0729
0,6108;0,0173
0,0596;0,2073
0,0413;0,2284
0,6878;0,0576
0,1941;0,0729
0,0037;0,1977
0,0000;0,4376
0,0000;0,4050
0,1237;0,0902
0,0000;0,3205
0,1794;0,1267
0,8497;0,0096
0,0114;0,1574
0,1321;0,0633
0,9279;0,0038
0,0001;0,4146
0,4637;0,0710
0,1735;0,2514
0,0192;0,1324
0,0016;0,2879
0,0151;0,1056
0,8490;0,0096
0,9606;0,0038
0,1263;0,0499
0,9428;0,0038
0,7263;0,6833
0,7799;0,0154
0,9840;0,0019
0,9609;0,0038
1,0000;0,1248
0,8706;0,0096
0,0024;0,2035
1,0000;0,1843
0,1938;0,0806
0,0009;0,2188
0,1285;0,1593
0,6048;0,0480
0,0000;0,5278
0,0611;0,0595
0,8792;0,0230
0,0005;0,2226
0,9734;0,0019
0,9517;0,0019
0,5862;0,0710
0,8603;0,0518
0,9611;0,0038
0,0251;0,1804
0,7349;0,1267
0,1427;0,0461
0,8765;0,1056
0,0971;0,1152
0,9603;0,0077
1,0000;0,1766
0,0001;0,2591
0,0494;0,1420
0,5005;0,0192
0,1359;0,0461
0,8293;0,0115
0,9529;0,0019
0,5725;0,0288
0,8210;0,0134
0,0018;0,2726
0,4106;0,0211
0,9830;0,0019
0,0014;0,1862
0,8425;0,0096
0,0000;0,2956
0,0160;0,1536
0,1133;0,0480
0,0043;0,1785
0,9805;0,0019
0,3030;0,0787
0,0003;0,2092
0,0270;0,1344
0,0000;0,3877
0,0148;0,1497
0,9795;0,0019
0,0021;0,2073
0,9021;0,0077
0,0001;0,3916
0,0142;0,1536
0,0173;0,1478
0,1676;0,1958
0,2300;0,1075
0,0000;0,5912
0,0087;0,1612
0,9019;0,0134
0,0002;0,2265
0,7594;0,0154
0,8409;0,0230
0,0306;0,1651
0,3419;0,0480
0,1512;0,2073
0,9671;0,0058
0,0088;0,1593
0,0488;0,1555
0,0001;0,3608
0,0002;0,2092
0,0085;0,1651
0,0000;0,6008
0,0033;0,1766
0,0253;0,1497
0,0001;0,3800
0,4072;0,1977
0,6665;0,1363
0,0162;0,1420
0,0037;0,1689
0,3077;0,0499
0,0002;0,2303
0,0003;0,3474
0,8319;0,2188
0,1589;0,4280
0,0000;0,2860
0,0048;0,2610
0,0637;0,1843
0,9062;0,1056
0,0029;0,1862
0,9798;0,0038
0,0020;0,2188
0,0026;0,2418
0,0000;0,3781
0,0025;0,2015
0,6406;0,2015
0,4902;0,0672
0,0000;0,4837
0,8088;0,1689
0,9797;0,0038
0,0024;0,2035
0,0075;0,1823
0,0096;0,1785
0,0005;0,2361
0,5138;0,0806
0,8074;0,4645
0,0160;0,1862
0,0042;0,1727
0,0194;0,1516
0,1758;0,1094
0,1782;0,1804
0,0008;0,2745
0,0226;0,5029
1,0000;0,1228
0,0027;0,2610
0,2263;0,2553
0,0952;0,1382
0,0078;0,1843
0,0447;0,3071
0,0000;0,5432
0,0326;0,2169
0,8425;0,0864
0,0006;0,2514
0,2600;0,1017
0,0011;0,2802
0,0032;0,2514
0,0002;0,2745
0,0032;0,2035
0,4169;0,0787
0,0001;0,3033
0,0040;0,1593
0,0049;0,2188
0,0070;0,1977
0,0002;0,2687
0,8575;0,0461
0,0127;0,1516
0,0562;0,1420
0,0336;0,2994
0,0000;0,4914
0,7131;0,1132
0,0002;0,2553
0,9900;0,0019
0,2906;0,2380
0,0011;0,2898
0,9688;0,0058
0,7851;0,3282
0,8004;0,2073
0,1492;0,0940
0,0062;0,2207
0,0001;0,2841
0,0038;0,1785
0,1304;0,0998
0,0666;0,1363
0,3555;0,4184
0,0003;0,3666
0,0061;0,1843
0,0050;0,1593
0,0000;0,4779
0,6299;0,0384
0,0000;0,4107
1,0000;0,0691
0,5829;0,0518
0,4125;0,3877
0,0010;0,1862
0,0202;0,1785
0,0001;0,3608
0,6799;0,4549
0,0770;0,4319
0,0040;0,1843
0,0404;0,2975
0,0016;0,3455
0,0485;0,1228
0,6498;0,1881
0,0002;0,2399
0,0938;0,1305
0,0098;0,1612
0,1255;0,1094
0,0005;0,2706
0,5133;0,0883
0,0214;0,2495
0,0002;0,2572
0,0003;0,4031
0,9898;0,0019
0,1206;0,1324
0,0863;0,0729
0,0826;0,0576
0,0275;0,0883
0,1954;0,0365
0,0001;0,5374
0,0127;0,1075
0,0332;0,0883
0,0001;0,2073
0,0422;0,0806
0,4186;0,1382
0,7153;0,1363
0,9056;0,0134
0,0025;0,2994
0,0018;0,1766
0,0198;0,1977
0,0932;0,0633
0,4369;0,2150
0,9113;0,0019
1,0000;0,1267
0,0011;0,2188
0,5850;0,1497
0,0013;0,4702
0,0802;0,1804
0,0000;0,4242
0,1853;0,0441
0,9471;0,0096
0,7641;0,2764
0,0002;0,3033
0,9363;0,0115
0,7073;0,0557
0,9225;0,0096
0,8591;0,0211
0,1460;0,0441
0,0308;0,2994
0,9551;0,0019
0,0039;0,6046
0,1452;0,0422
0,0674;0,0806
0,0051;0,1056
0,9553;0,0019
0,1057;0,0480
0,0054;0,1747
0,1703;0,0614
0,0191;0,2841
0,9841;0,0019
0,0233;0,1900
0,1576;0,1689
1,0000;0,0806
0,4123;0,0211
0,0006;0,3551
0,1701;0,2361
0,0019;0,1612
0,9889;0,0019
0,1170;0,3013
0,2767;0,0595
0,2525;0,1152
0,7578;0,1209
0,2776;0,0845
0,7697;0,0288
0,0015;0,3378
0,0039;0,1977
0,7608;0,4645
0,8172;0,0518
0,1304;0,0461
0,1259;0,0461
0,0041;0,1516
0,0102;0,1363
0,0038;0,1478
0,1364;0,0499
0,8988;0,0019
0,1215;0,0461
0,1428;0,0422
0,8025;0,0384
0,0009;0,2226
0,3762;0,2591
0,0011;0,1977
1,0000;0,4223
0,0147;0,1478
0,0001;0,2879
0,0000;0,6430
0,9133;0,0019
0,8484;0,0154
0,3232;0,0326
0,7302;0,0537
0,9548;0,0019
0,6046;0,0134
0,5423;0,0672
0,2617;0,0326
0,7484;0,0921
0,0146;0,1036
0,8265;0,0557
0,9681;0,0038
0,9804;0,0019
0,0072;0,1459
0,3871;0,0480
0,0068;0,1651
0,0972;0,0729
0,0001;0,2764
1,0000;0,0480
0,0001;0,2764
0,9161;0,0038
0,7899;0,0595
0,1458;0,0557
0,1297;0,0614
0,0175;0,2131
0,0001;0,4319
0,0350;0,1708
0,0004;0,3186
0,0000;0,5278
0,9493;0,0058
0,0159;0,2591
0,1998;0,0403
0,1605;0,0557
0,0010;0,1977
0,0164;0,1516
0,0000;0,3225
0,0000;0,3071
0,0179;0,1593
0,2294;0,1152
0,0009;0,2265
0,9124;0,0038
0,0004;0,2745
0,0804;0,0749
0,9800;0,0019
0,8792;0,0038
0,9681;0,0038
0,6296;0,0211
0,4355;0,1382
0,9826;0,0019
0,0084;0,5067
0,9401;0,0019
0,0539;0,0864
0,9509;0,0019
0,8702;0,0038
0,8192;0,0653
0,0234;0,2821
0,3167;0,0749
0,0009;0,2226
0,0180;0,3301
0,0767;0,2035
0,0272;0,1651
0,8583;0,0211
0,1290;0,2035
0,7606;0,0979
0,0165;0,1689
0,0063;0,1900
0,0137;0,2898
0,0000;0,4971
0,0393;0,1708
0,3519;0,0883
0,5579;0,0173
0,4272;0,0422
0,0280;0,0940
0,0007;0,2380
0,9468;0,0019
0,0433;0,1228
0,0249;0,0960
0,0001;0,2706
0,0328;0,0864
0,0065;0,1785
0,9669;0,0019
0,0251;0,1555
0,9326;0,0019
0,6839;0,0077
0,2742;0,0365
0,2542;0,0384
0,8718;0,0441
0,0003;0,2802
0,0029;0,2534
0,6201;0,2399
0,0000;0,3685
0,0034;0,2073
0,0001;0,3071
0,8840;0,2054
0,0003;0,2687
0,0001;0,2687
0,0019;0,2035
0,0550;0,1324
0,8795;0,0921
0,0668;0,1171
0,9702;0,0019
0,7631;0,0211
0,9178;0,0019
0,0097;0,2322
1,0000;0,0288
0,9887;0,0019
0,0112;0,1036
0,9869;0,0019
0,5445;0,0134
0,3923;0,0557
0,0866;0,3263
0,0058;0,1363
0,9097;0,0134
0,5396;0,0441
0,1112;0,0499
0,0351;0,0729
0,9774;0,0192
0,0629;0,1440
0,1175;0,1823
0,0004;0,2726
0,0378;0,1574
1,0000;0,2418
0,0850;0,1612
0,9292;0,0960
0,9303;0,0115
0,0059;0,2188
0,9630;0,1708
0,0001;0,2956
0,0009;0,2534
0,0698;0,1440
0,0358;0,1401
0,0554;0,4050
0,9298;0,0134
0,0447;0,2534
0,0020;0,1958
0,0092;0,1708
0,0006;0,2706
0,0001;0,2937
0,1365;0,0806
0,6044;0,0672
0,2796;0,0845
0,0027;0,1977
0,2879;0,0979
0,9461;0,0096
0,3361;0,0537
0,5090;0,0864
0,0608;0,2015
0,8034;0,0115
0,0074;0,1785
0,0006;0,2131
0,0070;0,1939
0,0358;0,1401
0,2227;0,0384
0,0044;0,1919
0,7824;0,0134
0,0095;0,1555
0,3951;0,0230
0,9691;0,0019
0,0053;0,1555
0,9677;0,0019
0,0002;0,2361
1,0000;0,1823
0,1234;0,0461
0,5747;0,2783
0,0027;0,2898
0,1966;0,0403
0,0020;0,1823
0,9318;0,0019
0,0079;0,1497
0,9463;0,0019
0,0000;0,4626
0,7680;0,2322
0,0000;0,6756
0,0977;0,1958
0,0050;0,1651
0,0038;0,2399
0,0015;0,1670
0,0091;0,1862
1,0000;0,4434
0,2273;0,0979
0,0720;0,1881
0,0000;0,3570
0,0000;0,3052
0,7891;0,0403
0,7217;0,3992
0,3665;0,1689
0,1075;0,0461
0,0111;0,1689
0,0000;0,5029
0,5711;0,5202
0,9884;0,0019
1,0000;0,3455
0,0481;0,1363
0,0067;0,1248
0,0072;0,1516
0,9647;0,0019
0,0165;0,1996
0,0637;0,0576
0,9732;0,0019
0,9465;0,0019
0,9647;0,0019
0,0076;0,1152
0,9646;0,0019
0,0023;0,1344
0,0025;0,1862
0,0590;0,0576
0,9861;0,0019
0,2103;0,3033
0,1697;0,0403
0,9699;0,0019
0,0438;0,1459
0,0015;0,2169
0,0015;0,2169
0,0241;0,1785
0,0000;0,4223
0,0568;0,1344
0,0002;0,2975
0,0012;0,2457
0,0000;0,3628
0,0013;0,2015
0,9503;0,0019
0,1623;0,0384
0,0241;0,0749
0,0581;0,0576
0,9250;0,0019
0,9520;0,0019
0,0470;0,0576
0,9413;0,0019
0,0602;0,0595
0,8999;0,0019
0,8235;0,1574
0,0160;0,1919
0,0009;0,1996
0,7983;0,3935
0,1331;0,1113
0,0008;0,1900
0,2520;0,1190
0,9724;0,0038
0,0032;0,3800
0,2732;0,0672
0,0253;0,1593
0,0591;0,1209
0,1641;0,1747
0,1117;0,0653
0,6989;0,1382
0,0371;0,0883
0,0336;0,1190
0,0456;0,0787
0,0001;0,5816
0,3208;0,6257
0,8215;0,0115
0,0003;0,3608
0,0890;0,0518
0,0397;0,0787
0,4051;0,0211
0,0372;0,1766
0,9254;0,0019
0,0023;0,1766
0,0905;0,0557
0,3570;0,0307
0,8587;0,1382
0,0004;0,3340
0,8280;0,0326
0,1864;0,1747
0,0317;0,2591
0,3334;0,4088
0,1626;0,1919
0,0043;0,1958
0,1083;0,1036
0,0018;0,2131
0,0016;0,2572
0,0353;0,1190
0,3523;0,0422
0,0101;0,1670
0,0018;0,2226
0,0252;0,1843
0,0697;0,1536
0,0001;0,3685
0,0818;0,1190
0,9850;0,0019
0,1637;0,0729
0,8469;0,0230
0,0016;0,1631
0,0000;0,2649
0,0183;0,1209
0,9820;0,0019
0,8581;0,0096
0,0577;0,1440
0,8632;0,0864
0,0172;0,1516
0,3462;0,0365
0,0034;0,1017
0,8264;0,0038
0,0025;0,1881
0,8924;0,0077
0,5063;0,0768
0,2067;0,1228
0,0850;0,0537
0,0062;0,1363
0,0561;0,1171
0,9044;0,0019
0,0199;0,1536
0,7080;0,0115
0,0009;0,1958
0,8896;0,0019
0,0008;0,2553
0,0010;0,1555
0,0040;0,1747
0,1755;0,0614
0,2156;0,0845
0,3106;0,0787
0,4573;0,0230
0,9694;0,0019
0,0248;0,0691
0,9774;0,0019
0,1355;0,0787
0,0057;0,1612
0,0301;0,1152
0,2510;0,0307
0,0007;0,1939
0,8886;0,0038
0,0004;0,2937
0,0056;0,1305
0,0241;0,1843
0,0874;0,0499
0,9773;0,0019
0,0032;0,1401
1,0000;0,2015
0,0318;0,0557
0,0003;0,2783
0,0014;0,2188
0,1562;0,0940
0,0041;0,1900
0,0048;0,1631
0,4479;0,0653
0,1120;0,1209
0,0082;0,2150
0,1576;0,2380
0,1809;0,1382
0,0003;0,2322
0,0578;0,1267
0,0058;0,2534
0,9197;0,0154
0,2468;0,1804
0,8768;0,0518
0,3736;0,0806
0,0357;0,1881
0,1674;0,1094
0,0301;0,2035
0,0803;0,1075
0,1175;0,0845
0,3387;0,2361
0,0368;0,1862
0,8504;0,2111
0,0000;0,5259
0,8588;0,1939
0,0001;0,3129
0,0122;0,1766
0,0678;0,0768
0,7684;0,1324
0,0008;0,2380
0,0742;0,0998
0,0028;0,1651
0,0004;0,3436
0,0000;0,4395
0,0708;0,0883
0,0016;0,3858
0,0002;0,2418
0,0003;0,3052
0,0919;0,1363
0,0000;0,6987
0,0036;0,2169
0,7470;0,4319
0,0494;0,1785
0,1219;0,3417
0,0286;0,1536
0,6788;0,2591
0,0058;0,1900
0,0172;0,4990
0,0018;0,2092
0,0001;0,2649
0,1353;0,1152
0,2958;0,3916
0,0285;0,2111
0,0005;0,2572
0,0000;0,5067
0,0094;0,1900
0,5176;0,0269
0,9473;0,0768
0,2419;0,0749
0,0084;0,5413
0,0620;0,1344
0,0270;0,1766
0,7716;0,3493
0,2743;0,0749
0,0098;0,1420
0,0111;0,2035
0,0629;0,1555
0,0004;0,2917
0,0003;0,2706
0,4431;0,0960
0,0706;0,1401
0,0118;0,1478
0,9571;0,0077
0,0060;0,1977
0,0902;0,1459
0,0987;0,1324
0,7130;0,0749
0,0048;0,2131
0,0002;0,6084
0,0013;0,2169
0,0040;0,1823
0,0081;0,1708
0,0020;0,2399
0,0003;0,2476
0,0034;0,2169
0,0303;0,1324
0,0004;0,2706
0,0009;0,2399
0,0017;0,1862
0,0029;0,1478
0,0311;0,1401
0,9897;0,0019
0,0530;0,1478
0,8057;0,5489
0,0033;0,1977
0,7198;0,0461
0,0149;0,2131
0,8073;0,1497
0,1078;0,2630
0,4118;0,2054
0,2973;0,1190
0,2702;0,1171
0,0103;0,5393
0,3364;0,1670
0,1721;0,0921
0,8343;0,1516
0,0097;0,1497
0,0214;0,2035
0,0282;0,1459
0,0011;0,2860
0,9798;0,0038
0,0000;0,5931
0,3174;0,1094
0,5703;0,4127
0,2530;0,1190
0,9062;0,3916
0,0043;0,2649
0,0007;0,3417
0,0005;0,3628
0,2821;0,0787
0,7113;0,0461
0,0011;0,2073
0,0569;0,4280
0,9393;0,0115
0,0003;0,2841
0,0011;0,2054
0,0001;0,3301
0,0387;0,1996
0,0659;0,1440
0,0473;0,3148
0,6974;0,1248
0,0009;0,2342
0,3603;0,0806
0,0026;0,4338
0,0000;0,6833
0,6887;0,0518
0,0000;0,2668
0,0158;0,2150
0,0051;0,2054
0,7133;0,0921
0,8555;0,4760
0,0446;0,1324
0,0102;0,2322
0,4668;0,4242
0,0906;0,3762
0,0361;0,2342
1,0000;0,2879
0,7581;0,1440
0,0241;0,1459
0,0002;0,2265
0,0000;0,3167
0,0082;0,2495
0,3394;0,1804
1,0000;0,1708
0,0436;0,1017
0,3904;0,0902
0,7074;0,4069
0,0307;0,6603
0,0003;0,2226
0,1841;0,1209
0,3745;0,0480
0,6086;0,1036
0,2310;0,0749
0,9900;0,0019
0,0762;0,2150
0,0033;0,2111
0,0046;0,1689
0,0919;0,4645
0,9385;0,0115
0,0000;0,3359
0,0018;0,1996
0,0016;0,1900
0,0000;0,2975
0,0003;0,1958
0,0012;0,2073
0,0538;0,1152
0,0269;0,1804
0,0011;0,2361
0,0009;0,2322
0,7424;0,0845
0,8121;0,0134
0,0004;0,2226
0,9480;0,0019
0,0004;0,3378
0,9656;0,0019
0,0007;0,1631
0,9686;0,0019
0,1910;0,0499
0,0095;0,1555
0,0000;0,3551
0,7098;0,1593
0,9652;0,0019
0,9875;0,0019
0,8910;0,0019
0,9653;0,0019
0,9332;0,0115
0,9072;0,0019
0,1754;0,1689
0,1373;0,0461
0,2410;0,1497
0,0002;0,3282
0,9634;0,0019
1,0000;0,1747
0,2633;0,0269
0,0004;0,2476
0,8384;0,0058
0,8112;0,0038
0,0008;0,1977
0,0086;0,2246
0,5915;0,0192
0,9886;0,0019
0,0770;0,0518
0,0000;0,4741
0,3397;0,1708
0,6647;0,2687
0,0084;0,1823
0,9738;0,0038
0,8682;0,0422
0,0004;0,2380
0,0265;0,1804
0,0048;0,3916
0,9753;0,0019
0,0916;0,1440
0,9633;0,0019
0,9763;0,0019
0,3489;0,0269
0,0251;0,1113
0,1309;0,0441
0,0026;0,1785
0,5307;0,5451
0,8150;0,0058
0,0019;0,2054
0,1712;0,3282
0,9634;0,0019
0,3539;0,0250
0,4227;0,0787
0,0075;0,1727
0,8441;0,0096
0,0050;0,1823
0,0173;0,1516
0,0046;0,1459
0,1415;0,2169
0,9190;0,0096
0,0005;0,3321
0,9868;0,0019
0,0005;0,2706
0,0070;0,3954
0,9317;0,0077
0,9900;0,0019
0,9765;0,0038
0,0789;0,2246
0,0052;0,1651
0,0011;0,2553
0,0107;0,1555
0,0046;0,1612
0,9680;0,0019
0,0063;0,2073
0,0080;0,1651
0,0001;0,2495
0,0002;0,2361
0,1558;0,2284
0,8196;0,0211
0,0576;0,0749
0,2453;0,0845
0,0994;0,0749
0,0031;0,2265
0,0015;0,2054
0,0002;0,2188
0,0000;0,3512
0,0029;0,1823
0,0703;0,0921
0,9872;0,0019
0,0116;0,1689
0,9684;0,0019
0,9847;0,0019
0,0152;0,1862
0,0292;0,1478
0,0009;0,2687
0,4218;0,0441
0,9377;0,0096
0,9877;0,0019
0,8987;0,4050
0,2283;0,0499
0,0066;0,1651
0,1089;0,0710
0,9042;0,0077
0,9900;0,0019
0,7078;0,3512
0,9642;0,0019
0,8802;0,0038
0,2839;0,0326
0,7507;0,0154
0,0278;0,2514
1,0000;0,0307
0,0000;0,3954
0,2700;0,0614
0,7459;0,2514
0,7577;0,0461
0,0920;0,1900
0,1543;0,0499
0,0046;0,1977
0,9824;0,0019
1,0000;0,0307
0,2367;0,1420
0,0208;0,2802
0,0009;0,2380
0,0001;0,4395
0,0108;0,1881
0,0003;0,2207
0,7917;0,2553
0,1946;0,3033
0,7770;0,0422
0,0001;0,3129
0,1981;0,2745
0,0022;0,2898
0,0126;0,2169
0,0015;0,2361
0,9291;0,0134
0,9495;0,0019
0,0013;0,1977
0,1473;0,0576
0,1441;0,0537
1,0000;0,0384
0,1207;0,0557
0,0007;0,1996
0,2401;0,0365
0,0705;0,0979
0,9509;0,0019
0,0104;0,1497
0,0868;0,0576
0,3989;0,1766
0,8851;0,0019
0,1965;0,0537
0,9594;0,1958
0,0353;0,3570
0,0026;0,1516
0,0109;0,2111
0,9766;0,0038
0,9376;0,0058
0,0001;0,3378
0,0182;0,1977
0,0239;0,1919
0,0000;0,8426
0,0004;0,2457
0,0064;0,3340
0,0003;0,2783
0,0012;0,2476
0,4531;0,2035
0,0013;0,2169
0,3295;0,0288
0,9634;0,0038
0,1721;0,0422
0,6897;0,0710
0,0914;0,0537
1,0000;0,0614
0,0763;0,0691
0,0265;0,1689
0,5126;0,0230
0,2473;0,0979
0,1148;0,0537
0,2439;0,0307
0,9689;0,0038
0,0010;0,3301
0,9168;0,0134
0,0032;0,2668
0,0304;0,1651
0,0723;0,2265
0,0372;0,5029
0,0000;0,3186
0,7133;0,1478
0,0059;0,1804
0,0002;0,2937
0,0028;0,3071
0,0103;0,1689
0,9282;0,0134
0,0645;0,1286
0,0000;0,4069
0,0012;0,2418
0,0019;0,1727
0,3866;0,0595
0,0056;0,1516
0,8290;0,0499
0,9219;0,0038
0,4015;0,0173
0,0092;0,1440
0,0875;0,0499
0,0107;0,1996
0,9867;0,0019
0,2308;0,0998
0,2128;0,0250
0,8451;0,0154
0,8231;0,0134
0,7396;0,0576
0,0294;0,1593
0,0081;0,1209
0,8259;0,0518
0,0949;0,0845
0,9484;0,0019
0,0060;0,1516
0,1350;0,0461
0,0002;0,2438
0,0029;0,1363
0,3218;0,3186
0,1244;0,2284
0,0102;0,1977
0,0406;0,2380
0,0259;0,1996
0,2766;0,0998
0,9668;0,0038
0,0025;0,2035
0,9578;0,0058
0,8466;0,0653
0,9276;0,0134
0,0169;0,2956
0,2827;0,0960
0,0010;0,1651
0,8997;0,1171
0,1386;0,1267
0,5671;0,3628
0,0090;0,1516
0,8394;0,1113
0,7265;0,0230
0,0094;0,1651
0,6452;0,1516
0,4907;0,3781
0,0024;0,2284
0,0051;0,1689
0,0433;0,0921
0,0061;0,2284
0,9720;0,0019
1,0000;0,1152
0,0688;0,0960
0,0020;0,1996
0,0007;0,2265
0,0087;0,2591
0,0192;0,1363
0,0042;0,2207
0,0049;0,1612
0,1575;0,1305
0,6448;0,1344
0,0073;0,1939
0,0006;0,2035
1,0000;1,0000
0,0011;0,2322
0,0001;0,2495
0,0143;0,1363
0,0001;0,2937
1,0000;0,0211
0,0001;0,2802
0,0047;0,1843
0,0103;0,1651
0,0384;0,1305
0,0009;0,2111
0,3114;0,0441
0,0055;0,1593
0,7087;0,0384
0,9683;0,0019
0,9643;0,0019
0,0002;0,2265
0,0103;0,1574
0,9859;0,0019
0,2640;0,4280
0,9849;0,0019
0,9137;0,0134
0,9851;0,0019
0,9843;0,0019
0,1901;0,2207
0,0210;0,1766
0,0042;0,1785
0,9194;0,0077
0,7772;0,0192
0,0499;0,1228
0,9846;0,0019
0,9526;0,0058
0,9576;0,0038
0,9635;0,0019
0,7622;0,2591
0,9410;0,2303
0,0008;0,1958
0,4222;0,0288
0,0009;0,1958
0,0518;0,1708
0,9334;0,0096
0,0107;0,2035
0,2156;0,0768
0,0002;0,2764
0,0926;0,1267
0,0001;0,2687
0,0023;0,1900
0,0003;0,2361
0,0000;0,2975
0,0638;0,1132
0,1124;0,2303
0,0279;0,1478
0,9845;0,0019
0,0000;0,5432
0,7315;0,2457
0,0032;0,1881
0,5246;0,0921
0,9679;0,0019
0,0071;0,1497
0,0181;0,1344
0,7957;0,0192
0,9579;0,0019
0,0037;0,2649
0,0007;0,2265
0,0076;0,1574
0,0251;0,1440
0,0688;0,1286
0,0001;0,2188
0,4249;0,0326
0,1290;0,0806
0,0010;0,2764
0,0002;0,2380
0,1625;0,1651
0,0003;0,2342
0,0012;0,2284
0,0007;0,2534
0,0105;0,2457
0,0003;0,2303
0,8914;0,0154
0,0005;0,3493
0,9263;0,0058
0,0003;0,2438
0,9752;0,0038
0,0024;0,2956
0,1801;0,5605
0,5858;0,0864
0,0805;0,0749
0,0001;0,3992
0,0000;0,4664
0,0856;0,0921
0,9110;0,0134
0,0044;0,1727
0,9855;0,0019
0,3410;0,0845
1,0000;0,2342
0,0084;0,1804
0,0000;0,2821
0,9752;0,0019
0,0000;0,2860
0,0028;0,1977
0,0270;0,1881
0,0028;0,2035
0,0005;0,2054
0,1450;0,0806
0,9263;0,5413
0,0029;0,1574
0,0031;0,5106
0,8006;0,5988
0,0000;0,3417
0,0000;0,2937
0,9830;0,0019
0,0019;0,1747
0,0001;0,2821
0,0005;0,2054
0,1033;0,2265
0,0717;0,2150
0,0001;0,2745
0,0116;0,1305
0,2939;0,3628
0,0000;0,4223
0,0064;0,1612
0,0058;0,1708
0,0599;0,2092
0,5097;0,0576
0,8666;0,0441
0,9613;0,0019
0,0044;0,2284
0,0001;0,2668
0,4957;0,1363
0,0005;0,2131
0,7105;0,1017
0,0001;0,2821
0,6616;0,0288
0,0965;0,0806
0,9747;0,0019
0,0556;0,1401
0,6074;0,0288
0,0029;0,1862
0,1406;0,2188
0,0000;0,3628
0,0102;0,1190
0,9842;0,0019
0,0000;0,4184
0,0002;0,2937
0,0293;0,2438
0,3074;0,1267
0,0304;0,2668
0,6712;0,0250
0,9833;0,0019
0,0239;0,1631
0,9724;0,0019
0,0001;0,4319
0,0047;0,1631
0,0097;0,1420
0,9725;0,0019
0,0286;0,1401
0,0073;0,1497
0,9736;0,0019
0,0091;0,1881
0,0043;0,2937
0,2310;0,0787
0,0143;0,1497
0,0001;0,1939
0,2378;0,1478
0,0903;0,1267
0,9744;0,0019
0,6059;0,5374
0,0014;0,2111
0,7950;0,2246
0,0215;0,1209
0,0025;0,3589
0,1785;0,1574
0,0010;0,2380
0,6239;0,4511
0,1606;0,1305
0,6891;0,0557
0,0231;0,5144
0,0792;0,1209
0,0006;0,2610
0,0015;0,2035
0,1726;0,0845
0,0260;0,1536
0,9605;0,0019
0,0172;0,1382
0,2198;0,0845
0,9100;0,0058
0,8104;0,0115
0,8060;0,5010
0,0035;0,1766
0,0000;0,4261
0,1367;0,0787
0,9639;0,0019
0,0112;0,1267
0,8526;0,1420
0,0017;0,1939
0,0001;0,2342
0,0000;0,7524
0,8522;0,0768
0,0517;0,2015
0,9899;0,0019
0,0000;0,3724
0,0001;0,2937
0,0013;0,1766
0,0050;0,1747
0,0001;0,4319
0,9542;0,2591
0,3801;0,3839
0,0386;0,2131
1,0000;0,1516
0,0014;0,2169
0,8555;0,2937
0,0106;0,2092
0,8023;0,5816
0,0471;0,2841
0,0910;0,5259
0,4846;0,2418
0,1126;0,1324
0,1200;0,1132
0,0970;0,1420
0,7161;0,0921
0,0000;0,7006
0,0034;0,1900
0,0015;0,2188
0,2731;0,1497
0,2856;0,1248
0,0577;0,1401
0,0001;0,2534
0,0467;0,1536
0,0840;0,2668
0,0000;0,3570
0,0012;0,5777
0,0011;0,2169
0,0002;0,4280
0,0006;0,1919
0,0002;0,2994
0,7656;0,1708
0,0031;0,2015
0,0292;0,1766
0,0060;0,1900
0,0289;0,3647
0,0004;0,2322
0,0001;0,2975
0,5587;0,0576
0,0090;0,2111
0,0041;0,4299
0,0000;0,3109
0,0004;0,2610
0,2001;0,2975
0,0028;0,2303
0,0374;0,1670
0,0174;0,1747
0,0017;0,2111
0,0018;0,2841
0,0328;0,1152
0,1270;0,6315
0,0058;0,2821
0,0597;0,1248
0,3683;0,0749
0,0375;0,4664
0,0146;0,1382
0,0041;0,1708
0,9043;0,0154
0,0011;0,2553
0,8715;0,0230
0,7886;0,0288
0,0003;0,2783
0,0011;0,2226
0,0254;0,1459
0,0333;0,1977
0,0006;0,2687
0,0474;0,1689
0,1185;0,1516
0,8478;0,1516
0,9395;0,6756
0,4353;0,2015
0,0069;0,2399
0,0004;0,2476
0,0021;0,2131
0,0051;0,2342
0,0006;0,2457
0,0000;0,4069
0,6454;0,1689
0,0074;0,2418
0,0461;0,2917
0,8201;0,0326
0,0001;0,2917
0,0000;0,3762
0,5091;0,5509
0,0037;0,2975
0,2649;0,0576
0,0279;0,1171
0,0001;0,3685
0,0002;0,2706
0,9674;0,0058
0,0004;0,2591
0,0000;0,3263
0,8736;0,2438
0,0180;0,1497
0,0021;0,2169
0,0139;0,1113
0,0034;0,1785
0,0002;0,2534
0,8762;0,0557
0,0005;0,2342
0,1058;0,1209
1,0000;0,1459
0,0001;0,3090
0,3269;0,0845
0,0045;0,1478
0,7380;0,0557
1,0000;0,1574
0,7889;0,4223
0,3116;0,0864
0,0083;0,1401
0,0006;0,2764
0,0079;0,2495
0,9590;0,1766
0,6654;0,0288
0,0020;0,2015
0,0013;0,2092
0,0000;0,3973
0,0001;0,4280
0,0002;0,5221
0,7231;0,1785
0,0000;0,5086
0,8781;0,1152
0,0000;0,6180
0,0000;0,7063
0,0019;0,2802
0,0000;0,3378
0,0001;0,2745
0,0075;0,2092
0,0130;0,1823
0,8193;0,1190
0,1385;0,1190
0,8567;0,1113
1,0000;0,1823
0,0150;0,2246
0,0066;0,2687
0,0737;0,1939
0,0928;0,1420
0,0002;0,2687
0,0246;0,1958
0,0165;0,1401
0,0277;0,1363
0,6905;0,0537
0,0889;0,1036
0,7663;0,5221
0,8281;0,0307
0,0941;0,1631
0,5193;0,2495
0,0092;0,3301
0,0004;0,2553
0,4095;0,0518
0,4629;0,0461
0,0011;0,2054
0,0631;0,1344
0,2907;0,0825
0,4110;0,2591
0,1557;0,4952
0,0092;0,5278
0,2041;0,1017
0,0000;0,3781
0,0038;0,3359
0,0030;0,5163
0,0454;0,1727
0,0011;0,2150
0,0007;0,2188
0,0014;0,2131
0,0001;0,2630
0,0052;0,2150
0,0022;0,1823
0,0003;0,2380
0,0516;0,1324
0,0057;0,2111
0,0590;0,1305
0,0091;0,1401
0,0024;0,3896
0,0011;0,2015
0,0041;0,1555
0,0000;0,5624
0,0663;0,1900
0,0034;0,1862
0,4227;0,5010
0,7058;0,3186
0,7631;0,2015
0,0000;0,3244
0,0009;0,2495
0,0221;0,2975
0,0001;0,2879
0,3227;0,2418
0,0005;0,2514
0,3645;0,0653
0,0024;0,1881
0,0368;0,1939
0,0031;0,1727
0,0115;0,1555
0,0009;0,1939
0,0000;0,6046
0,0001;0,2630
0,0190;0,1536
0,9900;0,0019
0,1516;0,1555
0,9392;0,0653
0,9839;0,0019
0,0491;0,1152
0,0050;0,2322
0,0673;0,2226
0,2528;0,1823
0,8535;0,1593
0,0000;0,6871
0,0001;0,3493
0,0000;0,3148
0,0029;0,2246
0,0002;0,2015
0,0023;0,1958
0,9335;0,0096
0,9261;0,0096
0,0593;0,1094
0,9382;0,0096
0,9380;0,0096
0,0010;0,2553
0,0188;0,2131
0,0828;0,1113
0,2838;0,1382
0,8179;0,1248
0,7471;0,0749
0,0012;0,2303
0,0117;0,1420
0,0439;0,2457
0,9299;0,2150
0,0111;0,1977
0,8868;0,0096
0,8141;0,0557
0,8368;0,0096
0,0507;0,1919
0,6441;0,1036
0,2151;0,0537
0,0001;0,2994
0,8448;0,0288
0,0046;0,2111
0,1213;0,1363
0,0484;0,1420
1,0000;0,2054
0,0142;0,1516
0,0357;0,1727
1,0000;0,1881
0,0257;0,2226
0,0086;0,1536
0,0010;0,1977
0,0024;0,2322
0,0005;0,2457
0,0101;0,2476
0,0006;0,2322
0,0062;0,2054
0,0947;0,1286
0,0522;0,1113
0,3110;0,1670
0,3588;0,0979
0,9334;0,0096
0,9611;0,0058
0,9141;0,0115
0,0022;0,1862
1,0000;0,1113
0,9456;0,0096
0,9759;0,0019
0,9349;0,0115
0,0596;0,1094
0,0466;0,1324
0,0006;0,2131
0,9125;0,0154
0,0003;0,2898
0,2404;0,1075
0,0687;0,1305
0,0023;0,2054
0,0979;0,1305
0,7958;0,1286
0,8813;0,0518
0,0301;0,2418
0,0005;0,2131
0,0005;0,2073
0,2198;0,2418
0,9162;0,0154
0,0440;0,1612
0,0018;0,2438
0,9292;0,0134
0,3119;0,1382
0,8515;0,1900
0,3086;0,1171
0,7581;0,0307
0,0043;0,2111
0,6453;0,0576
0,9837;0,0019
0,7080;0,4722
0,2342;0,1440
0,0010;0,2169
0,0101;0,1862
0,9651;0,0019
0,0188;0,1766
0,0500;0,1305
0,0469;0,1286
0,2333;0,1209
0,0065;0,2630
0,1659;0,0749
0,9571;0,0019
0,8249;0,0115
0,0671;0,1036
0,0044;0,1574
0,0000;0,4357
0,0027;0,1631
0,9664;0,0019
0,0016;0,1708
0,0017;0,1843
0,3102;0,1689
0,9104;0,0096
0,9199;0,0058
0,9252;0,3455
0,0028;0,2246
0,0001;0,2917
0,0296;0,1478
0,0003;0,2322
0,0017;0,2035
0,8216;0,0307
0,9084;0,0134
0,9447;0,0077
0,0004;0,3301
0,0070;0,2073
0,0154;0,2054
0,3984;0,1977
0,0300;0,1900
0,1318;0,1631
0,0849;0,1209
0,5787;0,0710
0,0029;0,2745
0,0027;0,1939
0,3323;0,0940
0,8741;0,1132
0,0000;0,4741
0,9814;0,0019
0,0092;0,1190
1,0000;0,1996
0,0312;0,1056
0,4146;0,1382
0,0017;0,1958
0,0001;0,3570
0,0012;0,1766
0,7466;0,3205
0,6842;0,0134
0,0000;0,4261
0,9302;0,0115
0,0052;0,5797
0,8818;0,0154
0,6399;0,3628
0,8233;0,1305
0,0042;0,2860
0,0001;0,2514
0,0012;0,1459
0,8049;0,1670
0,0009;0,1977
0,0004;0,2265
0,8431;0,0096
0,0004;0,2169
0,0261;0,0787
0,0010;0,1862
0,0261;0,1094
0,9523;0,0019
0,5089;0,0326
0,0073;0,1440
0,0030;0,2534
0,0000;0,3359
0,6175;0,2572
0,0001;0,2821
0,0768;0,1919
0,0842;0,1132
0,3779;0,2265
0,0008;0,3205
0,0125;0,1440
0,1642;0,0595
0,2545;0,1075
0,2586;0,0537
0,9606;0,0019
0,0124;0,1440
0,8291;0,1900
0,0168;0,1689
0,0169;0,1574
0,9618;0,0019
0,0010;0,2226
0,0007;0,2131
0,1003;0,1132
0,0066;0,2495
0,1925;0,0595
0,9504;0,0077
1,0000;0,5298
0,0000;0,5470
0,0001;0,3148
0,0010;0,4760
0,0010;0,2898
0,0038;0,1459
0,0065;0,1593
0,9750;0,0019
0,9539;0,0019
0,0015;0,5278
0,0028;0,1440
0,2947;0,0691
0,9849;0,0019
0,0078;0,2783
0,0031;0,1536
0,1328;0,0787
0,9652;0,0019
0,1807;0,1075
0,1029;0,3858
0,4767;0,0940
0,9486;0,0096
0,0000;0,4184
0,8837;0,0345
0,2998;0,3263
0,1474;0,0691
0,0047;0,2131
0,0039;0,1612
0,0011;0,2111
0,0513;0,1324
0,0046;0,2322
0,9178;0,1766
0,0008;0,1996
0,0069;0,1996
0,3771;0,0960
0,9834;0,0019
0,0033;0,1708
0,9530;0,0019
0,6619;0,1516
0,9239;0,0038
0,9643;0,0038
0,0030;0,1651
0,0020;0,1708
0,5524;0,1919
1,0000;0,1056
0,0215;0,1516
0,0014;0,2476
0,2390;0,0557
0,9341;0,1881
0,7143;0,1363
0,0016;0,3321
0,0053;0,1747
0,0682;0,2150
0,0030;0,2917
0,0902;0,1881
0,4240;0,0729
0,0002;0,3167
0,0324;0,1094
0,3377;0,1094
0,0007;0,3417
0,3370;0,1344
0,0007;0,2706
0,0209;0,3013
1,0000;0,0845
0,0003;0,2610
0,7487;0,0096
0,0070;0,1363
0,0009;0,2322
0,0603;0,0557
0,0000;0,5144
0,9899;0,0019
0,8081;0,0134
0,0049;0,1363
0,8554;0,0115
0,0492;0,1747
0,0070;0,1113
0,0126;0,1497
0,0544;0,0768
0,0261;0,1075
0,9269;0,0019
0,9041;0,0019
0,9647;0,0019
0,9535;0,0038
0,0419;0,1363
0,0030;0,2150
0,0004;0,2361
0,2961;0,1843
0,0284;0,1440
0,9870;0,0019
0,0122;0,1823
0,2102;0,0691
0,7458;0,0077
0,3670;0,2322
0,0001;0,2572
0,0051;0,1555
0,9290;0,0115
0,0006;0,2188
0,4257;0,0691
0,9370;0,0096
0,7879;0,3301
0,0001;0,3244
0,9900;0,0019
1,0000;0,1843
0,0008;0,1939
0,0055;0,1440
0,0228;0,0902
0,0042;0,1555
0,0304;0,3109
0,0046;0,1785
0,9575;0,0019
0,0000;0,4261
0,0048;0,1766
0,0020;0,1267
0,0039;0,1516
0,9402;0,0019
0,0159;0,1440
0,0273;0,0883
0,6341;0,0154
0,0097;0,1113
0,1627;0,0461
0,0002;0,2322
0,9392;0,0058
0,7506;0,3493
0,0090;0,2150
0,0000;0,7236
0,0003;0,2764
0,7729;0,0154
0,1072;0,1536
0,0055;0,1843
0,2927;0,2418
0,0012;0,2591
0,8066;0,1344
0,7145;0,4434
0,9784;0,0019
0,0709;0,1862
0,0005;0,2131
0,9836;0,0019
0,0094;0,1631
0,6780;0,0154
0,0076;0,2668
0,0079;0,1919
0,0000;0,6315
0,3441;0,0653
0,0049;0,2246
0,0055;0,1420
0,0675;0,1286
0,0237;0,1574
0,0460;0,1420
0,9273;0,0038
0,0000;0,4434
0,0160;0,2188
0,1109;0,0921
0,1491;0,1420
0,4276;0,0518
0,7356;0,0096
0,9738;0,0038
0,0092;0,1459
0,9714;0,0019
0,0003;0,2073
0,1163;0,0806
0,0233;0,1305
0,0033;0,1631
0,0140;0,1478
0,0022;0,1747
0,9660;0,0019
0,0023;0,1900
0,0000;0,2783
0,9739;0,0019
0,9673;0,0019
0,9675;0,0019
0,9844;0,0019
0,9695;0,0019
0,9569;0,0019
0,9669;0,0019
0,0603;0,1324
0,0003;0,3225
0,0000;0,4299
0,0000;0,4741
1,0000;0,3071
1,0000;0,4012
0,0004;0,2553
0,0003;0,2591
0,0000;0,5701
0,0427;0,1113
0,0008;0,2975
0,0040;0,4434
0,0001;0,3205
0,0404;0,1785
0,0017;0,2246
0,0540;0,2361
0,4107;0,0825
0,3650;0,2783
0,0082;0,1344
0,0001;0,3282
0,0145;0,1670
0,0002;0,2726
0,0023;0,1881
0,0103;0,4031
0,8747;0,1094
0,0005;0,2361
0,0010;0,2226
0,0010;0,2937
0,0020;0,2035
0,1479;0,3858
0,0445;0,1017
0,0076;0,1651
0,0003;0,2399
0,0003;0,2495
0,0003;0,2457
0,8569;0,6679
0,4049;0,1305
0,0007;0,2303
0,0002;0,5106
0,0114;0,5010
0,0036;0,3244
0,0004;0,2726
0,9271;0,4280
0,0699;0,2399
0,3927;0,1075
0,0014;0,2361
0,1080;0,0595
0,8013;0,4127
0,0124;0,3013
0,6644;0,0230
0,0968;0,5758
0,0000;0,3877
0,0762;0,1555
0,0000;0,2975
0,1157;0,1017
0,0077;0,1727
0,0000;0,3839
0,0001;0,2553
0,2726;0,1056
0,0060;0,3052
0,0591;0,3992
0,0021;0,4914
0,0036;0,2284
0,2102;0,0499
0,0004;0,2246
0,0003;0,2476
0,0002;0,2399
0,0095;0,1708
0,0007;0,1939
0,7820;0,2802
0,0224;0,1747
0,0065;0,2150
0,0018;0,2284
0,0147;0,0960
0,0000;0,4395
0,4841;0,3244
0,0000;0,3474
0,0047;0,1382
0,0002;0,2553
0,0003;0,2591
0,1136;0,2821
0,0007;0,2131
0,0009;0,2188
0,1568;0,2207
0,0000;0,3896
0,0002;0,2917
0,0033;0,2131
0,0000;0,5701
0,7197;0,1708
0,4877;0,2418
0,0953;0,1267
1,0000;0,1324
0,0005;0,3340
0,0050;0,2092
0,0004;0,2553
0,3278;0,0960
0,0010;0,4127
0,3765;0,0480
0,3609;0,2035
0,7463;0,4088
0,0202;0,2092
0,0014;0,2495
0,1709;0,0902
0,0078;0,4952
0,0964;0,1420
0,0000;0,4069
0,8183;0,1152
0,0002;0,2687
0,0012;0,2226
0,0005;0,3033
0,2339;0,1631
0,8940;0,0154
0,0109;0,1555
0,3946;0,0461
0,0001;0,2726
0,0503;0,1631
0,8123;0,1401
0,4727;0,1478
0,0456;0,1823
0,0013;0,1651
0,9270;0,0192
0,8660;0,1612
0,6829;0,0576
0,0000;0,4395
0,0014;0,2169
0,9844;0,0019
0,9463;0,0077
0,0013;0,1843
0,0004;0,2380
0,9281;0,0115
0,9856;0,0019
0,0931;0,5393
0,2703;0,2534
0,0642;0,1324
0,6692;0,0365
0,0008;0,2131
0,1037;0,1094
0,8858;0,4338
0,0009;0,3013
0,0036;0,1862
0,0003;0,2495
0,9784;0,0019
0,0212;0,1631
0,9860;0,0019
0,0269;0,1574
0,0008;0,3090
0,0000;0,3877
0,0032;0,3340
0,3202;0,0633
0,0000;0,5336
0,9884;0,0019
0,0610;0,1228
0,4598;0,0365
0,9840;0,0019
0,0001;0,2342
0,0367;0,1459
0,7968;0,0365
0,0000;0,3167
0,9868;0,0019
0,2418;0,1228
0,5101;0,0384
0,0275;0,1401
0,0007;0,2207
0,0000;0,5854
0,0088;0,1958
0,0001;0,3397
1,0000;0,2495
0,1906;0,0998
0,3603;0,0921
0,0200;0,2111
0,3450;0,0691
0,5924;0,1382
0,0002;0,3359
0,1188;0,1708
0,0337;0,1440
0,0025;0,2092
0,0392;0,1651
0,0029;0,2035
0,4028;0,3378
0,0001;0,3244
0,0018;0,1843
0,0596;0,4299
0,1524;0,1113
0,9870;0,0019
0,0004;0,2246
0,1930;0,1708
0,6360;0,1478
0,0000;0,3225
0,0255;0,1536
0,0177;0,1478
0,2918;0,2054
0,0000;0,6257
0,0015;0,1939
0,0004;0,3282
0,0001;0,2841
0,0496;0,1516
0,0472;0,1536
0,0353;0,2015
0,2854;0,2726
0,0103;0,1363
0,0025;0,1804
1,0000;0,0729
0,0049;0,1708
0,0000;0,6718
0,0009;0,2207
0,0062;0,1747
0,0034;0,1708
0,0008;0,2207
0,8028;0,2361
0,8995;0,0192
0,3957;0,2476
0,3204;0,1459
0,0310;0,1900
0,0000;0,3666
0,1732;0,1190
0,0001;0,2764
0,0025;0,2495
0,1651;0,3071
0,0000;0,4511
0,0035;0,3532
0,0160;0,3608
0,0019;0,2572
0,1209;0,5125
0,0033;0,2937
0,0373;0,2207
0,0681;0,1094
0,8147;0,5413
0,3233;0,1036
0,0030;0,2073
0,0003;0,3321
0,0020;0,2150
0,0038;0,1958
0,1388;0,1190
0,0022;0,1996
0,7004;0,2975
0,8827;0,0211
0,8675;0,0211
0,1291;0,1344
0,9164;0,0115
0,8021;0,0345
0,8355;0,0211
0,9036;0,0058
0,6070;0,2726
0,9568;0,0019
0,0008;0,3033
0,0060;0,2188
0,0041;0,1651
0,7953;0,0845
0,0001;0,2879
0,0243;0,1766
0,0078;0,1555
0,0192;0,1286
0,2048;0,5048
0,0075;0,2380
0,9316;0,0115
0,0033;0,1939
0,0099;0,1766
0,9767;0,0019
0,9401;0,2361
0,1459;0,0845
0,7524;0,5221
0,4905;0,0441
0,4275;0,1228
0,9383;0,0115
1,0000;0,1939
0,0302;0,2015
0,9573;0,0019
0,0213;0,1862
0,9735;0,0019
0,7438;0,2975
0,8764;0,0537
0,0001;0,2802
0,9373;0,0115
0,0696;0,1689
0,0712;0,1478
0,0003;0,2284
0,2376;0,1555
0,2115;0,0768
0,0905;0,0960
0,4843;0,0921
0,7482;0,0422
0,0052;0,2975
0,0628;0,1267
0,4890;0,1420
0,0001;0,5144
0,0559;0,1593
0,0003;0,2630
0,0035;0,1593
0,0093;0,2687
0,0007;0,1785
0,0589;0,1190
0,0935;0,1497
0,1010;0,1727
0,8761;0,0154
0,3858;0,0422
0,1616;0,2841
0,1930;0,1171
0,0128;0,1363
0,1354;0,0787
0,0314;0,1305
0,0069;0,1747
0,9714;0,0019
0,1438;0,1363
0,0288;0,1555
0,0279;0,1420
0,2228;0,0518
0,0113;0,1612
0,0001;0,2745
0,0426;0,1881
0,9673;0,0038
0,0198;0,1440
0,0316;0,1612
0,0192;0,1843
0,8170;0,0998
0,1207;0,1190
0,1051;0,0576
0,0009;0,2572
0,8600;0,5374
0,9329;0,1804
0,0000;0,3839
0,0012;0,2111
0,8791;0,0058
0,0017;0,1497
0,7882;0,2265
0,8255;0,0192
0,0001;0,2553
0,0049;0,2226
0,3133;0,0422
0,0105;0,3013
0,7906;0,0806
0,0024;0,1612
0,9677;0,1440
0,5669;0,0480
0,0265;0,1651
0,0201;0,1516
0,0215;0,1248
0,0002;0,2495
0,0000;0,2821
0,0000;0,4031
0,0807;0,1555
0,0193;0,3033
0,0196;0,3954
0,7471;0,0134
0,0000;0,3090
0,0839;0,2342
0,7045;0,0192
0,4569;0,0921
0,8739;0,0154
0,9470;0,0096
0,4839;0,0384
0,8668;0,0518
0,8251;0,0096
0,6460;0,1152
0,1193;0,0921
0,0151;0,1555
0,8251;0,0096
0,9865;0,0019
0,9036;0,0058
0,0295;0,1459
0,9113;0,1286
0,9376;0,0077
0,2034;0,1190
0,0039;0,1727
1,0000;0,1228
0,0268;0,1363
0,8492;0,0154
0,0868;0,0998
0,3930;0,1324
0,0092;0,1248
0,0012;0,2131
0,9686;0,3090
0,0015;0,1670
1,0000;0,2015
0,0316;0,0960
0,0008;0,2917
0,0467;0,1132
0,0015;0,1574
0,0196;0,1631
0,9607;0,0019
0,1068;0,1939
0,0052;0,1804
0,0000;0,4702
0,8214;0,0134
0,0118;0,1401
0,0014;0,2092
0,0001;0,2534
0,0014;0,2668
0,8538;0,4107
0,9656;0,0019
0,1195;0,1171
0,0137;0,1190
0,0007;0,2745
0,0064;0,5029
0,9822;0,0019
0,0002;0,2898
0,8325;0,1094
0,0002;0,2745
0,2917;0,0595
0,3673;0,1132
0,0000;0,4299
0,7846;0,0115
0,0095;0,2035
0,2095;0,0787
0,2330;0,2783
0,1245;0,1958
0,1168;0,1459
0,0067;0,1996
0,0326;0,1689
0,0291;0,1401
0,6857;0,0173
0,4745;0,2035
0,7573;0,0154
0,4459;0,0595
0,3021;0,1689
0,0011;0,2303
0,1081;0,1900
0,0030;0,1516
0,9717;0,0019
0,3140;0,1497
0,9718;0,0019
0,4736;0,0499
0,9556;0,0019
0,0013;0,3647
0,9716;0,0019
0,9773;0,0038
0,9584;0,0019
0,0008;0,2150
0,0039;0,1631
0,0228;0,2303
0,9719;0,0019
0,0029;0,1631
0,0000;0,5509
0,0018;0,2092
0,0000;0,3628
0,9665;0,0019
0,0044;0,2380
0,9664;0,0019
0,0005;0,2342
0,0057;0,1401
0,9624;0,0058
0,9475;0,0019
0,0364;0,0806
0,0434;0,1056
0,7401;0,4395
0,7325;0,0192
0,0068;0,1939
0,0108;0,1209
0,0158;0,0729
0,8719;0,0134
0,8833;0,0038
0,0289;0,0806
0,0557;0,0960
0,0013;0,1939
0,1388;0,0787
0,0027;0,1612
0,0061;0,1401
0,0374;0,1056
1,0000;0,2399
0,9385;0,0058
0,0006;0,2438
0,0076;0,1209
0,1892;0,1977
0,0142;0,1497
0,0413;0,1152
0,8947;0,2169
0,0118;0,2399
0,0034;0,1631
1,0000;0,2514
0,0016;0,2361
0,0012;0,1804
0,0049;0,1881
0,0014;0,2706
0,9891;0,0019
0,0037;0,1555
0,0000;0,3532
0,0145;0,3474
0,0001;0,3244
0,1613;0,1094
0,0000;0,4376
0,3359;0,1113
0,3469;0,0768
0,1700;0,4779
0,0477;0,1344
0,0000;0,5643
0,9072;0,0038
0,6879;0,0192
1,0000;0,3186
0,7618;0,0710
0,0026;0,2131
0,5777;0,0250
0,6020;0,0614
0,0129;0,1382
0,0005;0,2476
0,0308;0,0825
0,1815;0,0960
0,9565;0,0019
0,0253;0,1977
0,9792;0,0019
0,0167;0,1516
0,4903;0,0307
0,0204;0,3800
0,1431;0,0729
0,1488;0,1977
0,0099;0,1900
0,9376;0,0115
0,0003;0,2802
0,4323;0,2610
0,0001;0,2783
0,0494;0,1420
0,6655;0,3858
0,0943;0,1132
0,0154;0,1171
0,4860;0,2514
0,1498;0,0864
0,0000;0,2975
0,0053;0,2015
0,6723;0,0288
0,3125;0,4607
0,0014;0,2399
0,1811;0,0749
0,1140;0,1075
0,0035;0,1324
0,9044;0,0058
0,2617;0,0537
0,0034;0,1440
0,4901;0,0960
0,0073;0,1324
0,0028;0,1612
0,9457;0,0019
0,9714;0,0019
0,9133;0,0173
0,0000;0,3512
0,0482;0,2035
0,0178;0,4434
0,8912;0,1267
0,0000;0,4990
0,0000;0,4012
0,1556;0,0729
0,0017;0,2169
0,0030;0,2630
0,0006;0,2169
0,9365;0,0461
0,2663;0,1094
0,0000;0,5816
0,1398;0,0749
0,5783;0,1248
0,0001;0,2783
0,0040;0,1862
0,0002;0,2630
0,3681;0,0749
0,0034;0,4914
0,0008;0,1977
0,0018;0,2092
0,0000;0,4434
1,0000;0,0211
0,0000;0,3781
0,0016;0,1919
0,0811;0,1190
0,0089;0,2169
0,1843;0,1094
0,0055;0,1900
0,0005;0,2418
0,0013;0,2131
0,0060;0,1939
0,0001;0,3724
0,0046;0,1919
0,0001;0,2841
0,0027;0,1881
0,0034;0,1555
0,0000;0,2956
0,0005;0,2399
0,4608;0,0154
0,6369;0,0134
0,8642;0,0019
0,3034;0,1017
0,0002;0,2476
0,0000;0,6775
0,0763;0,1248
0,7613;0,0077
0,7831;0,0384
0,7414;0,0096
0,0060;0,2303
0,0008;0,2131
0,8145;0,0038
0,0003;0,2821
0,6354;0,0096
0,9898;0,0019
0,5722;0,0077
0,0041;0,4914
0,7304;0,0096
0,7108;0,0077
0,9693;0,0019
0,8895;0,0038
0,7313;0,0096
0,9111;0,0019
0,0019;0,2226
0,0000;0,2879
0,0000;0,3685
0,4089;0,2092
0,0228;0,0998
0,3679;0,0211
0,0000;0,4299
0,5674;0,0134
0,7363;0,1766
0,7349;0,0154
0,3996;0,0192
0,0000;0,3589
0,7592;0,0154
0,0163;0,2188
0,9375;0,0019
0,0038;0,2534
0,6286;0,0096
0,7424;0,0115
0,9419;0,0019
0,4331;0,0192
0,9179;0,0019
0,9180;0,0019
0,6737;0,0096
0,6747;0,0096
0,9088;0,0019
0,9539;0,0019
0,7744;0,0038
0,0381;0,2342
0,7784;0,0096
0,8864;0,0230
0,9381;0,1286
0,0179;0,1440
0,6751;0,0096
0,8172;0,0096
0,0734;0,1363
0,7075;0,0077
0,6721;0,0096
0,6757;0,0096
0,6938;0,0154
0,9561;0,0019
0,8622;0,0019
0,0010;0,5182
0,0763;0,1344
0,0232;0,1363
0,0099;0,1900
0,0001;0,2457
0,0431;0,2246
0,1963;0,1190
0,3055;0,2246
0,0105;0,1593
0,9097;0,0173
0,0095;0,3512
1,0000;0,6238
0,3065;0,1017
0,7353;0,4664
0,7007;0,2457
0,1020;0,1190
0,0055;0,1881
0,0840;0,2553
0,0259;0,1286
0,2840;0,1190
0,9314;0,0019
0,8295;0,2150
0,7615;0,0077
0,1077;0,1574
0,8877;0,1747
0,8546;0,0058
0,0005;0,2265
0,8405;0,1478
0,9530;0,0019
0,7785;0,0058
0,9307;0,0019
0,8118;0,0038
0,7871;0,0077
0,8210;0,0058
0,8120;0,0038
0,8113;0,0038
0,7792;0,0058
0,9386;0,0019
0,7875;0,0077
0,8747;0,0019
0,9294;0,0019
0,8402;0,0058
0,7789;0,0058
0,9544;0,0019
0,7430;0,0038
0,1237;0,1228
0,3500;0,4050
0,0192;0,4702
0,0001;0,2668
0,2908;0,1785
0,2025;0,0768
0,0028;0,2457
0,0001;0,3781
0,0010;0,2438
0,0324;0,1267
0,8103;0,0365
0,0042;0,1958
0,0022;0,2188
0,0061;0,2207
0,7475;0,4683
0,4554;0,0633
0,8077;0,0960
0,4443;0,1267
0,2167;0,0768
0,0001;0,2380
0,0026;0,2668
0,0116;0,1785
0,0025;0,1459
0,0003;0,2956
0,0001;0,2821
0,0009;0,2207
0,0023;0,2092
0,0000;0,3820
0,0000;0,6833
0,0068;0,3839
0,8304;0,1670
0,0007;0,2111
0,6719;0,3685
0,0560;0,0940
0,6732;0,0096
0,0193;0,1344
0,0041;0,2572
0,0001;0,3282
0,8378;0,0058
0,0027;0,2169
0,4736;0,0173
0,0001;0,3033
0,9112;0,0019
0,6711;0,0096
0,6926;0,0154
0,9348;0,0019
0,6390;0,0077
0,7450;0,0115
0,9070;0,0019
0,0038;0,2879
0,0016;0,2534
0,0038;0,2131
0,0014;0,2150
0,0000;0,7754
0,0009;0,2495
0,0001;0,3608
0,0000;0,3455
0,0003;0,2745
0,0007;0,2706
0,4741;0,0288
0,0150;0,2917
0,0366;0,1977
0,0001;0,3013
0,1114;0,4722
0,9176;0,0019
0,0014;0,1900
0,6490;0,0192
0,0504;0,1977
0,0096;0,1804
0,0031;0,3033
0,7779;0,0096
0,8820;0,0019
0,9464;0,0019
0,7629;0,0096
0,7070;0,0077
0,7909;0,0038
0,9619;0,0019
0,7061;0,0077
0,7352;0,2802
0,0000;0,3704
0,0040;0,1612
0,0003;0,2399
0,0003;0,2342
0,0414;0,1747
0,0000;0,3800
0,2827;0,1267
0,0547;0,1689
0,8445;0,2418
0,7535;0,0077
0,0014;0,2131
0,0057;0,2073
0,0002;0,3263
0,0000;0,4357
0,0021;0,2150
0,0146;0,4722
0,9404;0,0019
0,2561;0,1036
0,7229;0,0096
0,5849;0,0749
0,8040;0,0096
0,7240;0,0096
0,4322;0,0211
0,9090;0,0038
0,7607;0,0096
0,9358;0,0019
0,7566;0,0077
0,0027;0,1843
0,0089;0,6334
0,0345;0,2630
0,0009;0,3512
0,9073;0,0173
0,0064;0,1862
0,2925;0,5048
0,0000;0,4299
0,0356;0,4491
0,8076;0,1996
0,0073;0,5662
0,0113;0,2169
0,9488;0,0077
0,0004;0,2322
1,0000;0,4069
1,0000;0,1267
0,7702;0,3109
0,0984;0,3340
0,8106;0,0134
0,8879;0,0019
0,8112;0,0038
0,0004;0,3417
0,9550;0,0019
0,9374;0,0019
0,8194;0,0058
0,8115;0,0038
0,7304;0,0096
0,0001;0,2706
0,0296;0,2726
0,3323;0,0192
0,0001;0,3685
0,9144;0,0038
0,9019;0,0384
0,0214;0,1555
0,7117;0,1056
0,9686;0,0019
0,0076;0,2265
0,7177;0,1036
0,0000;0,3282
0,0013;0,2054
0,9819;0,0019
0,0000;0,4549
0,0271;0,1497
0,1608;0,1075
0,0066;0,1305
0,0002;0,3992
0,9339;0,0058
0,0002;0,5662
0,0597;0,1094
0,2030;0,2284
0,0000;0,3551
0,3862;0,1536
0,0054;0,1536
0,0001;0,3167
0,0584;0,1823
0,0014;0,1459
0,0028;0,2495
0,0070;0,1459
0,0024;0,2035
0,1096;0,0902
0,0001;0,3455
0,0017;0,3820
0,0822;0,1440
0,0000;0,6219
0,0809;0,1939
0,0004;0,2322
0,0580;0,1324
0,0059;0,1478
0,8797;0,0940
0,9687;0,0038
0,8337;0,1823
0,0153;0,2860
0,9747;0,0019
0,0012;0,1900
0,0004;0,2342
0,0011;0,2131
0,1136;0,0940
0,0060;0,1843
0,8995;0,0058
0,0087;0,1939
0,1690;0,1823
0,8403;0,0307
0,9778;0,0019
0,0007;0,2169
0,0011;0,2207
0,0139;0,2783
0,3767;0,0806
0,6502;0,4702
0,7810;0,2342
1,0000;0,3724
0,4300;0,0441
0,8765;0,2457
1,0000;0,1344
0,1553;0,0845
0,9443;0,0019
0,0002;0,2553
0,2393;0,2879
0,8788;0,0115
0,0000;0,3244
0,0579;0,1075
0,1004;0,0960
0,3829;0,2476
0,0004;0,3417
0,0083;0,1747
0,0037;0,1631
0,9777;0,0019
0,1415;0,2438
0,0147;0,1919
0,0020;0,2975
0,0104;0,1727
0,0019;0,3205
0,0290;0,3455
0,8994;0,0134
0,1998;0,0518
0,0353;0,1209
0,0015;0,2553
0,0035;0,1804
0,1558;0,1440
0,0057;0,3877
0,0000;0,6468
0,3340;0,2342
0,1175;0,2015
0,0007;0,3493
0,1331;0,0864
0,3130;0,2246
0,0031;0,2015
0,8039;0,0173
0,0000;0,4031
0,1965;0,1017
0,3867;0,0691
0,0367;0,1689
0,0055;0,1382
0,0125;0,1420
0,4546;0,1113
0,0399;0,1171
0,0035;0,1497
0,0136;0,1785
0,0747;0,0902
0,0031;0,2303
0,0038;0,1651
0,2486;0,2399
0,9030;0,0096
0,0138;0,1401
0,0129;0,1996
0,0074;0,2418
0,4014;0,2476
0,0563;0,2764
0,0032;0,1766
0,0024;0,2284
0,0024;0,1804
1,0000;0,6200
0,0133;0,2783
0,0002;0,5701
0,0409;0,4242
0,0001;0,3244
0,9450;0,0307
0,0000;0,4107
0,1487;0,1267
0,6442;0,1862
0,0226;0,1516
0,0000;0,5912
0,0186;0,1747
0,0003;0,2399
1,0000;0,1843
0,0169;0,1094
0,7615;0,0173
0,0112;0,2668
0,2448;0,0710
0,8613;0,2438
0,9523;0,0019
0,0011;0,3340
0,9176;0,0038
0,0001;0,3608
0,7716;0,0134
0,3928;0,0672
0,0053;0,1555
0,7002;0,2687
0,0206;0,1324
0,0725;0,1555
0,9422;0,0019
0,0607;0,1497
0,9813;0,0019
0,0337;0,1382
0,0000;0,4357
0,3618;0,0384
0,0000;0,4280
0,9016;0,0058
0,0008;0,1804
0,1120;0,0576
0,0072;0,1478
0,9628;0,0019
0,9605;0,0019
0,0087;0,1401
0,0297;0,1881
0,0681;0,1689
0,0001;0,3340
0,0074;0,1478
0,0038;0,1977
0,5096;0,0307
0,7910;0,0077
0,0087;0,2303
0,0010;0,1555
0,0080;0,1766
0,0002;0,2572
0,7189;0,0288
0,0007;0,1939
0,0331;0,2188
0,0163;0,1209
0,9900;0,0019
0,8944;0,0058
0,0031;0,1881
0,0008;0,2169
0,0387;0,1420
0,0001;0,4952
0,0936;0,5950
0,9711;0,0019
0,6534;0,0269
0,6405;0,0211
0,7135;0,0461
0,8175;0,0154
0,0013;0,2169
0,2502;0,0480
0,9491;0,3109
0,0033;0,1958
0,8143;0,1075
0,0194;0,1536
0,0012;0,2035
0,0651;0,1171
0,6119;0,0154
0,0199;0,1401
0,0045;0,2226
0,8209;0,0921
0,0015;0,2226
0,0074;0,1593
0,2086;0,0595
0,0034;0,1843
0,4351;0,0441
0,0151;0,1900
0,0032;0,1958
0,9821;0,0019
0,0003;0,2438
0,8266;0,0154
0,7225;0,0422
0,9678;0,0019
0,0178;0,1440
0,0195;0,1152
0,8997;0,1574
0,8110;0,0518
0,0148;0,1516
0,0241;0,1305
0,0327;0,1017
0,0073;0,1344
0,0000;0,6737
0,2249;0,0691
0,0020;0,1785
0,8919;0,0134
0,8091;0,1996
0,9900;0,0019
0,0022;0,5010
0,0275;0,1612
0,0211;0,1440
0,2651;0,1056
0,3626;0,0499
0,0180;0,1190
0,6996;0,1593
0,0598;0,1459
0,0248;0,1555
0,0378;0,1651
0,0009;0,3417
0,8880;0,0058
0,9847;0,0019
0,0001;0,2726
0,0072;0,1785
0,0009;0,2783
0,0002;0,3628
0,0503;0,0979
0,9714;0,0019
0,0003;0,2687
0,0273;0,1536
0,0046;0,1516
0,0008;0,2380
0,0044;0,1727
0,9703;0,0019
0,0522;0,2246
0,0011;0,4203
0,9704;0,0019
1,0000;0,5163
0,0014;0,1727
0,9877;0,0019
0,0297;0,1420
0,0544;0,3071
0,9857;0,0019
0,2675;0,1036
0,0454;0,0902
0,1303;0,1382
0,0504;0,2015
0,2023;0,1190
0,0037;0,1478
0,0029;0,1497
0,0018;0,1804
0,8613;0,0038
0,0054;0,1420
0,9825;0,0019
0,0297;0,1401
0,8568;0,0192
0,9826;0,0019
0,0807;0,1363
0,0051;0,1862
0,0030;0,1727
0,0035;0,3378
0,0019;0,3090
0,0000;0,4338
0,0360;0,1401
0,9752;0,0019
0,0088;0,1631
0,6309;0,0250
0,0009;0,2649
0,3196;0,0864
0,9163;0,0038
0,0758;0,1171
0,0001;0,6027
0,0057;0,1478
0,8793;0,2303
0,0591;0,1036
0,0050;0,1401
0,0042;0,2111
0,0022;0,2169
0,0002;0,3436
0,0004;0,2035
0,7036;0,0115
0,5775;0,3071
0,3165;0,0441
0,3087;0,0614
0,0156;0,1324
0,0000;0,3954
0,6903;0,0441
0,9820;0,0019
0,0015;0,2418
0,4905;0,1766
0,0002;0,1919
0,9588;0,0058
0,9822;0,0019
0,0029;0,5240
0,0015;0,1996
0,0178;0,1190
0,0010;0,1977
0,9733;0,0038
0,0006;0,2265
0,9835;0,0019
0,0041;0,1574
0,9404;0,0019
0,0522;0,0902
0,8047;0,0307
0,1154;0,0845
0,0102;0,1631
0,1056;0,0749
0,2239;0,0480
0,0001;0,2610
0,0002;0,2572
0,2221;0,0883
0,2250;0,0480
0,0130;0,1843
0,9408;0,0019
0,2147;0,0960
0,8003;0,5355
0,9530;0,0038
0,0321;0,2188
0,0235;0,1785
0,9818;0,0019
0,0072;0,1747
0,0084;0,1708
0,2259;0,1075
0,1192;0,2937
0,0049;0,4107
0,7475;0,1286
0,0204;0,1267
0,0056;0,4664
0,0001;0,3148
0,5893;0,1190
0,0019;0,1804
0,8873;0,0154
0,0011;0,2399
0,0045;0,1574
0,8148;0,1094
0,0000;0,2802
0,0232;0,1228
0,0020;0,2054
0,0000;0,4607
0,0162;0,1612
0,8051;0,2438
0,0188;0,1248
0,9829;0,0019
1,0000;0,1689
0,9557;0,0038
0,9247;0,0461
0,9169;0,0154
0,0087;0,1823
0,1734;0,1171
1,0000;0,1958
0,9205;0,0134
0,0000;0,2706
0,3665;0,1075
0,9888;0,0019
0,0000;0,2975
0,8616;0,2898
0,0275;0,1612
0,0144;0,1459
0,0002;0,2438
0,0019;0,2150
0,0005;0,2015
0,0018;0,2092
0,9829;0,0019
1,0000;0,0768
0,9729;0,0019
0,0054;0,2111
0,0073;0,2092
0,0393;0,4491
1,0000;0,2342
0,9868;0,0019
0,9801;0,0038
0,0902;0,0921
1,0000;0,3186
0,3158;0,2284
0,0007;0,2534
0,0039;0,1727
0,2919;0,0960
0,0420;0,1228
0,0003;0,2898
0,0000;0,5298
0,0013;0,2226
0,0025;0,1939
0,0075;0,2841
0,0000;0,5010
0,9463;0,0864
0,8938;0,0077
0,9862;0,0019
0,5856;0,0845
0,7610;0,2361
0,2953;0,0825
0,0001;0,3532
0,0017;0,1958
0,0413;0,1286
0,2438;0,2418
0,3318;0,0729
0,5856;0,2630
0,0021;0,1286
0,0584;0,1094
0,9836;0,0019
0,0319;0,1862
0,0000;0,5816
0,0377;0,1363
0,1743;0,0998
0,0330;0,0960
0,4540;0,1497
0,3898;0,1056
0,0010;0,2380
0,0546;0,3570
0,0002;0,3129
0,9801;0,0019
0,4077;0,0441
0,2653;0,1996
0,9775;0,0019
0,0171;0,2054
0,0372;0,2035
0,0013;0,1919
0,1700;0,1785
0,0057;0,3704
0,3664;0,1267
0,0000;0,4319
0,0050;0,4223
0,9773;0,0019
0,1378;0,0518
0,0011;0,2188
0,2118;0,1766
0,3110;0,1823
0,0085;0,1919
0,0003;0,2802
0,0505;0,1075
0,0003;0,3129
0,0017;0,2764
0,0164;0,2092
0,0011;0,2783
0,0006;0,2764
0,0083;0,3436
1,0000;0,5432
0,0001;0,3090
0,0088;0,1670
0,0007;0,2399
0,0015;0,1747
0,0000;0,3397
0,0277;0,5854
0,0005;0,3493
0,8477;0,1152
0,8943;0,0192
0,8393;0,0921
0,0054;0,5432
0,0358;0,2303
0,0076;0,2361
0,0057;0,6564
0,0000;0,4952
0,6340;0,0403
0,0757;0,1344
0,1075;0,1919
0,6735;0,0633
0,0001;0,2802
0,2045;0,1785
0,1249;0,0940
0,0026;0,1785
0,7493;0,4031
0,1916;0,1497
0,0387;0,1747
0,9306;0,0134
0,9900;0,0019
0,8858;0,0019
0,7131;0,0058
0,8200;0,0058
0,7428;0,0038
0,9639;0,0019
0,6535;0,0192
0,8115;0,0019
0,7425;0,0038
0,6555;0,0115
0,7456;0,0154
0,9135;0,0019
0,7418;0,0038
0,9527;0,0019
0,9541;0,0019
0,8256;0,0019
0,6490;0,0096
0,9860;0,0019
0,9285;0,0019
0,0107;0,1478
0,0404;0,2150
0,0124;0,2015
0,0026;0,1939
0,0024;0,2054
0,0034;0,4453
0,6607;0,1574
0,0544;0,1631
0,0755;0,1305
0,0121;0,1996
0,1894;0,1420
0,0446;0,1689
0,0680;0,1382
0,0002;0,2745
0,0317;0,1190
0,0005;0,3263
0,2637;0,1132
0,0017;0,2534
0,0009;0,2821
1,0000;0,1823
0,0089;0,1823
0,0001;0,3704
0,5366;0,0825
0,9403;0,0115
0,9485;0,0096
0,9900;0,0019
0,0984;0,2783
0,0002;0,2111
0,0763;0,1382
0,0325;0,0883
0,2194;0,0768
1,0000;0,2610
0,0194;0,1843
0,0003;0,2207
0,6592;0,3109
0,8587;0,5163
0,8189;0,2726
0,0437;0,4261
0,8399;0,1708
0,0118;0,1996
0,0253;0,1536
0,0413;0,1344
0,9900;0,0019
0,0010;0,3359
0,0002;0,2841
0,0215;0,1478
0,0000;0,4434
0,0023;0,2015
0,0072;0,2150
0,2506;0,1152
0,0012;0,2342
0,4678;0,0998
0,8223;0,0864
0,8106;0,0307
0,4450;0,5086
0,0451;0,1766
0,4382;0,0825
0,8548;0,6775
0,0004;0,2476
0,7884;0,1536
0,0887;0,1248
0,0762;0,3148
0,1076;0,1286
0,7830;0,0345
0,0000;0,3129
0,0048;0,1516
0,0016;0,2745
0,0087;0,1497
0,8956;0,0096
0,0245;0,2553
0,0023;0,1382
0,0000;0,4952
0,1307;0,0537
0,6698;0,0211
0,0006;0,2476
0,6222;0,0173
0,3564;0,0307
0,0001;0,3052
0,0007;0,2150
0,9393;0,0019
0,9110;0,0038
0,0040;0,1900
0,0007;0,2399
0,0703;0,0537
0,6747;0,0173
0,0318;0,0806
0,1458;0,0710
0,8061;0,0077
0,9898;0,0019
0,0035;0,1516
0,0264;0,2380
0,0004;0,2361
0,0059;0,0960
0,9621;0,0019
0,0856;0,1286
0,0864;0,0480
0,9402;0,0019
0,9238;0,0019
0,0036;0,1228
0,0473;0,0729
0,0258;0,1536
0,0006;0,2207
0,9787;0,0019
0,0065;0,2380
0,0665;0,1132
0,7817;0,0211
1,0000;0,4549
0,0101;0,1171
0,2014;0,1363
0,9890;0,0019
0,9511;0,0019
0,7884;0,2706
0,0004;0,2380
0,3745;0,0595
0,1370;0,0902
0,0007;0,3148
0,0000;0,3455
0,1484;0,0365
0,0000;0,3397
1,0000;0,1516
0,1079;0,0864
0,0917;0,0653
0,3433;0,0326
0,1899;0,1286
0,8236;0,0518
0,1499;0,0518
0,0885;0,0825
0,2228;0,2399
0,1862;0,1574
0,6076;0,0192
0,0538;0,1727
0,9407;0,0019
0,1537;0,0787
0,8592;0,0134
0,9900;0,0019
0,9716;0,0019
0,8846;0,0019
0,7907;0,0077
0,3739;0,0211
0,1536;0,0422
0,0008;0,2937
0,2169;0,1689
0,0069;0,1574
0,1044;0,0557
0,3647;0,1977
0,0337;0,2380
0,0078;0,1324
0,9179;0,0154
0,1223;0,0633
0,0000;0,5336
0,0035;0,1420
0,2730;0,1017
0,3803;0,0326
0,2284;0,0998
0,0369;0,2457
0,9676;0,0019
0,0057;0,2418
0,9164;0,2476
0,9557;0,0019
0,0535;0,0633
0,3276;0,0595
0,0000;0,3666
0,8774;0,0019
0,0000;0,5010
0,6445;0,5432
0,7454;0,1036
0,3647;0,0230
0,0180;0,0787
0,7135;0,0499
0,0007;0,2188
0,9350;0,0019
0,5417;0,0154
0,8818;0,0019
0,7486;0,0154
0,5419;0,0154
0,5416;0,0154
0,0005;0,2073
0,9552;0,0019
0,1160;0,0979
0,0033;0,3647
0,9645;0,0038
0,8267;0,1708
0,9879;0,0019
0,6057;0,0691
0,0001;0,2418
0,0092;0,2226
0,0107;0,2322
0,9245;0,0019
0,0044;0,5950
0,1359;0,1459
0,9352;0,0058
0,8827;0,0211
0,4496;0,1209
0,0882;0,0633
0,0014;0,1900
0,0000;0,4127
0,9221;0,3167
0,9468;0,0019
0,0004;0,1785
0,2190;0,4491
0,0057;0,2054
0,7835;0,0038
0,9785;0,0019
0,8616;0,0250
0,0001;0,3359
0,0951;0,0461
0,0012;0,1689
0,9261;0,5547
0,0001;0,4012
0,9005;0,0019
1,0000;0,0422
0,0007;0,2131
0,0677;0,1977
0,0761;0,0499
0,0883;0,0537
0,9489;0,0154
0,5846;0,0173
0,0315;0,1804
0,9153;0,0038
0,9806;0,0019
0,2585;0,0345
0,9605;0,0019
0,0162;0,2917
0,9270;0,0038
0,4577;0,4530
0,0085;0,1132
0,0089;0,1574
0,0006;0,2610
0,7115;0,0077
0,1286;0,0633
0,0004;0,2706
0,0003;0,2015
0,7399;0,0672
0,0000;0,3378
0,9712;0,0019
0,2871;0,0403
0,0000;0,8273
0,1289;0,0633
0,0032;0,3397
0,0009;0,2534
0,0005;0,2668
0,0006;0,2783
0,8074;0,2111
0,0983;0,1363
0,0038;0,2726
0,0001;0,4395
1,0000;0,0883
0,7402;0,0710
0,0289;0,3685
0,0003;0,2188
0,9883;0,0019
0,9391;0,0019
0,4597;0,0154
0,0032;0,1843
0,0232;0,0998
0,0008;0,2342
0,9707;0,0038
0,4296;0,2303
0,2537;0,0384
0,0790;0,1382
0,9739;0,0019
0,0000;0,2956
0,1419;0,3148
0,0323;0,0883
0,8628;0,0134
0,0000;0,6296
0,9580;0,0019
0,9583;0,0019
0,1499;0,0998
0,9589;0,0019
0,0087;0,1401
0,0810;0,0883
0,8708;0,0154
0,7716;0,0345
0,0021;0,1766
0,0694;0,0825
0,0858;0,0518
0,0606;0,1958
0,0125;0,1324
1,0000;0,2361
0,0005;0,3205
0,0014;0,2111
0,0045;0,1420
0,0586;0,2111
0,8686;0,0211
0,0724;0,1766
0,9740;0,0019
0,0112;0,1497
0,0077;0,1708
0,0091;0,1171
0,2325;0,0480
0,0382;0,1631
0,1014;0,1132
0,0025;0,2092
0,2528;0,0461
0,0437;0,4818
0,0255;0,0902
0,0008;0,1977
0,2006;0,0576
0,0243;0,1708
0,0192;0,1017
0,0000;0,3493
0,9349;0,0019
0,2338;0,1631
0,0327;0,1056
0,0318;0,1382
0,0075;0,1363
0,0011;0,1919
0,2461;0,0384
0,0019;0,2265
0,0013;0,2591
0,0449;0,0787
0,9878;0,0019
0,0006;0,2169
0,0124;0,1574
0,8804;0,0211
0,0015;0,2361
1,0000;0,2534
0,0012;0,1919
0,0020;0,1900
0,0005;0,4127
0,0030;0,2111
0,0000;0,3397
0,2626;0,0403
0,9696;0,0019
0,0093;0,1900
0,9480;0,0269
0,8529;0,1881
0,9428;0,0019
0,8562;0,1900
0,4165;0,0307
0,4996;0,0384
0,0181;0,1152
0,0080;0,1267
0,2668;0,0384
0,2677;0,1113
0,9212;0,0019
0,1955;0,0787
0,0000;0,3205
0,0073;0,1382
0,0038;0,1401
0,0027;0,2630
0,9808;0,0019
0,0560;0,3685
0,0258;0,1132
0,0002;0,2764
0,0270;0,1094
0,0011;0,1977
0,9286;0,0077
0,0114;0,2073
0,8482;0,0518
0,0295;0,1804
0,0586;0,2802
0,0235;0,2361
0,0005;0,2150
0,4372;0,0940
0,0071;0,2322
0,0032;0,2303
0,9888;0,0019
0,0030;0,1939
0,0017;0,2131
0,0944;0,1651
0,0004;0,2476
0,0025;0,1459
0,0008;0,2514
0,0088;0,1382
0,0001;0,2994
0,7680;0,0134
0,0002;0,2937
0,0062;0,1305
0,1978;0,1056
0,0591;0,1305
0,0000;0,4683
0,4221;0,1727
0,0111;0,1324
0,0054;0,2418
0,9548;0,0077
0,0805;0,0998
0,3480;0,0576
0,0057;0,3359
0,0268;0,1171
0,9315;0,0019
0,0085;0,1286
0,0143;0,1036
0,9553;0,0019
0,3318;0,1708
0,0193;0,1209
0,0644;0,0614
0,0285;0,0749
0,6500;0,0173
0,1266;0,1171
0,1461;0,1286
0,0482;0,1862
0,0101;0,1651
0,9189;0,0134
0,0156;0,3858
0,0004;0,2514
0,0945;0,0864
0,0860;0,1612
0,8316;0,0154
0,0057;0,2015
0,3957;0,3877
0,0008;0,2035
0,0180;0,2380
0,7333;0,3205
0,5634;0,0749
0,0063;0,1881
0,0012;0,1958
0,2434;0,1228
0,0054;0,1919
0,0021;0,2092
0,0143;0,1823
0,0120;0,2284
0,1489;0,2438
0,0721;0,1171
0,0004;0,2418
0,0803;0,2265
0,0684;0,1209
0,9825;0,3340
0,0003;0,3512
0,0953;0,1958
0,0008;0,2361
0,9606;0,0077
0,0312;0,1670
0,0925;0,1286
0,1028;0,0595
0,7581;0,3167
0,2464;0,0480
0,0003;0,3225
0,0010;0,4568
0,3440;0,0825
0,0036;0,2246
0,0005;0,4875
0,0000;0,3340
0,0392;0,1670
0,2898;0,0864
0,0990;0,1286
0,0048;0,2668
0,8634;0,1152
0,1374;0,1228
0,4107;0,0729
0,9603;0,0077
0,1719;0,1747
0,7144;0,1305
0,0030;0,1958
0,0000;0,5259
0,0072;0,1555
0,0001;0,2917
0,9900;0,0019
0,0002;0,2994
0,0004;0,2572
0,0000;0,3628
0,7039;0,2668
0,0016;0,2226
0,0058;0,2207
0,0038;0,1996
0,6800;0,0825
0,0025;0,2303
0,5221;0,0806
0,2262;0,1651
0,1339;0,5298
0,0941;0,5298
0,9397;0,0115
0,9299;0,0134
0,4886;0,0345
0,0009;0,2226
0,0014;0,3455
0,0034;0,1919
0,0606;0,1670
0,0002;0,3954
0,0298;0,1363
0,0000;0,7121
0,0011;0,2361
1,0000;0,1881
0,0005;0,2303
0,0848;0,4415
0,2232;0,0979
0,4935;0,0461
0,5344;0,0518
0,0001;0,3071
0,0008;0,2380
0,4948;0,0614
0,0185;0,1939
0,0009;0,3455
0,3022;0,2342
0,0010;0,3762
0,0016;0,3474
0,8085;0,3608
0,9900;0,0019
0,0000;0,5969
0,2157;0,0940
0,0002;0,3666
0,0004;0,2649
0,0030;0,1689
0,0215;0,2169
0,5991;0,0173
0,0031;0,2303
0,0022;0,1996
0,0040;0,1670
0,0004;0,2956
0,0014;0,2303
0,0023;0,4856
0,0031;0,1958
0,0170;0,1228
0,0034;0,2764
0,0000;0,2937
0,0755;0,1401
0,0025;0,2380
0,0037;0,1651
0,0078;0,1727
0,0001;0,3532
0,0014;0,1958
0,0102;0,1958
0,5855;0,2457
0,0000;0,3858
0,4360;0,2841
0,0664;0,2092
0,0265;0,2706
0,0389;0,5067
0,0168;0,1574
0,0010;0,2476
0,0030;0,2284
0,0005;0,2572
0,6278;0,2207
0,1169;0,1843
0,0126;0,4837
0,0000;0,3973
0,0021;0,2726
0,0900;0,1267
0,6656;0,0653
0,0000;0,4434
0,0024;0,1804
0,0001;0,3263
0,6202;0,4894
0,0806;0,1324
0,0379;0,5854
0,0001;0,4607
0,0021;0,2399
0,0014;0,1881
0,0003;0,3321
0,0006;0,2322
0,8009;0,5662
0,9425;0,0077
0,1888;0,2131
0,0006;0,4472
0,0029;0,4031
0,0826;0,3321
0,0000;0,3167
0,0127;0,1766
0,6667;0,0403
0,5248;0,0883
0,7558;0,0230
0,2439;0,0269
0,1175;0,0614
0,1507;0,1209
0,8844;0,0038
0,2423;0,1190
0,7516;0,2246
0,9426;0,0019
0,5292;0,1190
0,5162;0,0173
1,0000;0,2937
0,5330;0,0154
0,8943;0,0787
0,0633;0,2610
0,8597;0,1017
0,0206;0,1766
0,7236;0,4242
0,0024;0,1996
0,0075;0,2860
0,3762;0,4587
0,0149;0,1766
0,0030;0,2073
0,0052;0,2534
0,0011;0,2169
0,0022;0,2898
0,0058;0,2534
0,0001;0,3628
0,0036;0,1823
0,7198;0,0441
0,0113;0,2015
0,0104;0,2131
0,0183;0,2035
0,0334;0,1823
0,5821;0,0173
1,0000;0,1459
0,0349;0,0921
0,0001;0,2917
0,0029;0,1286
0,8664;0,0096
0,9091;0,0019
0,2581;0,0269
0,8892;0,0077
0,0107;0,1459
0,9412;0,0019
0,0775;0,0633
0,0000;0,3551
0,4733;0,0345
0,9214;0,0038
0,4121;0,4357
0,9667;0,0038
0,0076;0,1036
0,2363;0,1094
0,3376;0,0192
0,3587;0,0211
0,0001;0,2438
0,0691;0,0499
0,0073;0,1420
0,5539;0,0326
0,9675;0,0019
1,0000;0,0077
0,2415;0,0288
0,7884;0,0134
1,0000;0,2610
0,1237;0,0691
0,0024;0,2937
0,0353;0,1555
0,0678;0,2303
0,0014;0,1785
0,0000;0,3896
0,0000;0,4069
0,0748;0,2226
0,6775;0,0365
0,0000;0,3916
0,0029;0,2361
0,1296;0,1190
0,9330;0,1862
0,2234;0,1919
0,9719;0,0019
0,0009;0,2361
0,0000;0,4549
0,0000;0,3225
0,7457;0,0710
0,7316;0,0403
0,5420;0,0921
0,0103;0,1036
0,3488;0,0384
0,1750;0,0499
0,3645;0,0211
0,0478;0,0845
0,0457;0,0614
0,0122;0,1152
0,0878;0,0441
0,9432;0,0019
0,4053;0,0192
0,3485;0,0230
0,0846;0,0461
0,7993;0,0480
0,9425;0,0461
0,9580;0,0019
0,0062;0,1036
0,8255;0,0134
0,4419;0,0230
0,4334;0,0211
0,3043;0,0403
0,0009;0,3397
0,7612;0,0441
0,8258;0,0480
0,8407;0,0038
0,0054;0,3474
0,2618;0,1094
0,0006;0,2572
0,9321;0,0019
0,8928;0,0038
0,0000;0,3340
0,6179;0,0154
0,9007;0,0096
0,0115;0,1919
0,0020;0,2342
0,0003;0,2783
0,0073;0,1132
0,1828;0,2534
0,5628;0,0192
0,0000;0,3225
0,9579;0,0019
0,9449;0,0019
0,9174;0,0019
0,9041;0,0038
0,5604;0,0115
0,0868;0,0461
0,9448;0,0019
0,0753;0,0691
0,3564;0,0211
0,0183;0,0998
0,3201;0,0269
0,9088;0,0019
0,0000;0,3378
0,0001;0,3033
0,3939;0,0979
0,0024;0,4472
0,8436;0,1305
0,0007;0,1919
0,0068;0,2150
0,0018;0,2188
0,0052;0,1996
0,0001;0,2726
0,7684;0,0134
0,0979;0,0691
0,0080;0,1305
0,0561;0,1171
0,9406;0,0019
0,0062;0,1190
0,9292;0,0058
0,0005;0,2572
0,1846;0,0307
0,0020;0,2131
0,0127;0,5067
0,0692;0,0787
0,9770;0,0019
0,0050;0,2207
0,9357;0,0019
0,9773;0,0019
0,2468;0,0422
0,5743;0,0250
0,0004;0,2457
0,8615;0,0058
0,0002;0,2783
0,0214;0,0902
0,9772;0,0019
0,0329;0,1286
0,9372;0,0058
0,9160;0,0518
0,5017;0,0192
0,0876;0,0403
0,0676;0,0499
0,3156;0,0269
0,9405;0,0019
0,3833;0,0192
0,0724;0,0499
0,5728;0,0749
0,9285;0,0019
0,8265;0,0134
0,0077;0,1190
0,9749;0,0211
0,2129;0,0365
0,1919;0,0345
0,9489;0,0058
0,0069;0,1190
0,1095;0,0518
0,0005;0,1747
0,8925;0,0019
0,1855;0,0345
0,1740;0,0403
0,2129;0,5259
0,6901;0,0115
0,0115;0,1324
0,9032;0,0019
0,0000;0,3052
0,8426;0,0058
0,1802;0,0365
0,3349;0,0825
0,1385;0,0345
0,0007;0,2054
0,9309;0,0019
0,0129;0,4549
0,1852;0,0365
0,0001;0,2610
0,9100;0,0154
0,9900;0,0019
1,0000;0,1209
0,8582;0,0134
0,2405;0,0269
0,7766;0,0038
0,2993;0,0230
0,5756;0,0115
0,3889;0,0192
0,5294;0,0173
0,7032;0,0096
0,3662;0,0230
0,5696;0,0134
0,8250;0,0096
0,9721;0,0019
0,0380;0,0845
0,8254;0,0096
0,9323;0,0019
0,8376;0,0326
0,9720;0,0019
0,2089;0,0384
0,0915;0,0691
0,3687;0,0307
0,3138;0,0269
0,1913;0,0345
0,8806;0,0019
0,8228;0,0134
0,4053;0,0250
0,4531;0,0173
0,1337;0,0422
0,1808;0,0365
0,1689;0,0345
0,2193;0,0269
0,9283;0,0019
0,9395;0,0019
0,0233;0,0921
0,0007;0,1862
0,0489;0,0883
0,0088;0,1171
0,0067;0,1152
0,9388;0,0019
0,7490;0,0192
0,3249;0,0250
0,8369;0,0250
0,0012;0,2975
0,0010;0,2015
0,9678;0,0058
0,8907;0,0211
0,0001;0,2706
0,9365;0,0115
0,0196;0,1497
0,0096;0,1823
0,0000;0,2802
0,0012;0,2649
0,0013;0,2131
0,0099;0,3090
0,0835;0,1631
0,0169;0,1881
0,9109;0,0576
0,0074;0,1708
0,9900;0,0019
0,8172;0,1248
0,5715;0,0672
0,0040;0,1612
0,9461;0,0019
0,0005;0,2150
0,8437;0,2342
0,0004;0,2073
0,0444;0,4146
0,7700;0,2284
0,0023;0,4107
0,1111;0,0672
0,9267;0,0019
0,0002;0,4012
0,7506;0,0211
0,2568;0,2956
0,0111;0,1843
0,2058;0,0691
0,8688;0,0192
0,0146;0,1171
0,0012;0,1862
0,8054;0,0058
0,0704;0,0710
0,0000;0,3743
0,0036;0,1459
0,8725;0,0461
0,0000;0,5797
0,9428;0,0019
0,0000;0,3321
0,0014;0,2150
0,0120;0,1228
0,8341;0,1497
0,2286;0,1708
0,1880;0,0902
0,0006;0,2265
0,9619;0,0019
0,1814;0,1190
0,0607;0,0557
0,0000;0,3512
0,7599;0,1631
0,0094;0,2322
0,2203;0,1190
0,0096;0,1248
0,4018;0,1401
0,9760;0,0019
0,9280;0,0134
0,4960;0,0192
0,9284;0,0019
0,0000;0,3071
0,9652;0,0019
0,7635;0,0134
0,7772;0,0096
0,6862;0,0115
0,4989;0,0173
0,0532;0,0614
0,9597;0,0019
0,6175;0,0653
0,7583;0,0154
0,0023;0,1344
0,8364;0,0154
0,0278;0,1574
0,5001;0,0173
0,8302;0,0096
0,9510;0,0019
0,9900;0,0019
0,4058;0,0307
0,5646;0,0192
0,8298;0,0096
0,9064;0,0038
0,3637;0,4338
0,0014;0,2802
0,8737;0,0096
0,9618;0,0019
1,0000;0,2879
0,9493;0,0058
0,0406;0,1344
0,8552;0,5298
0,8129;0,0134
0,0324;0,1132
0,9317;0,1651
0,4037;0,0211
0,0002;0,1862
0,0041;0,1900
0,0001;0,2783
0,0001;0,2418
0,2207;0,1727
0,6757;0,0211
0,0018;0,2131
0,9521;0,0019
0,0002;0,2246
0,5991;0,0691
0,3866;0,0691
0,0013;0,1708
0,0209;0,1862
0,7687;0,2476
0,2516;0,0307
0,3141;0,0345
0,7484;0,0134
0,2024;0,0326
0,8488;0,0096
0,2154;0,0345
0,0083;0,1286
0,8336;0,2169
0,8315;0,0230
0,1602;0,0384
0,0438;0,0825
0,4292;0,0921
0,9895;0,0019
0,8763;0,0288
0,0328;0,0902
0,0004;0,2265
0,3014;0,0269
0,8061;0,0154
0,2631;0,1094
0,0001;0,2630
0,9122;0,0154
0,6612;0,0058
0,0187;0,1094
1,0000;0,4107
0,0202;0,1113
0,0009;0,2322
0,0099;0,1171
0,3680;0,1536
0,0134;0,2150
0,1651;0,0979
0,0422;0,0883
0,0163;0,1593
0,0287;0,0902
0,0239;0,1516
0,4487;0,0288
0,0002;0,2438
0,9540;0,0019
0,3722;0,0768
0,0922;0,0864
0,0415;0,3800
0,0074;0,1171
0,0009;0,1804
0,0407;0,0921
0,0000;0,4203
0,9283;0,0019
0,3862;0,0806
0,0381;0,0864
0,1353;0,0633
0,4271;0,0250
0,0304;0,1228
0,0044;0,1248
0,0649;0,0845
0,8392;0,0134
0,7343;0,0134
0,9553;0,0019
0,3072;0,0345
0,1161;0,0576
0,9683;0,0019
0,1248;0,1075
0,6919;0,0115
0,9487;0,0096
0,0096;0,1248
0,0230;0,1785
0,0839;0,0614
0,2134;0,1171
0,2892;0,0384
0,0055;0,1651
0,9722;0,0019
0,0344;0,0960
0,0211;0,1324
0,0549;0,0672
0,0010;0,1766
0,9353;0,0038
0,8031;0,2303
0,2828;0,1382
0,9630;0,0019
0,9195;0,0058
0,7869;0,0096
0,8122;0,0710
0,0061;0,1171
0,2255;0,0403
0,9720;0,0019
0,0024;0,2572
0,9720;0,0019
0,0087;0,1228
0,0294;0,0864
0,9601;0,0019
0,9539;0,0038
0,8732;0,0096
0,1691;0,0499
0,0279;0,0979
0,9305;0,0019
0,0149;0,1209
0,0108;0,1209
0,1040;0,0710
0,1153;0,0653
0,8158;0,0134
0,0037;0,1440
0,0113;0,1190
0,0035;0,1593
0,0681;0,0845
0,0006;0,2380
0,9553;0,0038
0,0028;0,1612
0,5803;0,0288
0,9699;0,0019
0,0316;0,2150
0,9460;0,0019
0,3323;0,3685
0,1070;0,0557
0,9894;0,0019
0,8101;0,0441
0,0000;0,3628
0,0005;0,2361
0,0323;0,1324
0,0002;0,3839
0,0083;0,2534
0,0100;0,1555
0,0037;0,1996
0,6798;0,0365
0,0000;0,4031
0,0065;0,1152
0,9776;0,0019
0,1887;0,0710
0,8455;0,0038
0,0067;0,1324
0,7212;0,0691
0,0137;0,1075
0,0044;0,1440
0,2293;0,0633
0,7999;0,0173
0,0005;0,2150
0,0684;0,1171
0,0795;0,0729
0,0282;0,1401
0,9376;0,1766
0,0178;0,1804
0,9851;0,0019
0,0059;0,1305
0,9548;0,2284
0,0056;0,1267
0,0336;0,0902
0,4194;0,2226
0,0001;0,2265
0,0526;0,0845
0,0005;0,2361
0,9736;0,0230
0,6555;0,0595
0,5890;0,0173
0,8182;0,1766
0,0257;0,0979
0,0027;0,1727
0,9224;0,0058
0,0592;0,2668
0,0011;0,2380
0,0077;0,1670
0,3925;0,1324
0,0000;0,7294
0,0280;0,1631
0,0011;0,2265
0,0085;0,2131
0,0042;0,1996
0,1057;0,1228
0,9899;0,0019
0,2451;0,1209
0,0006;0,2265
0,0008;0,2188
0,0036;0,1977
0,2948;0,0595
0,0182;0,2246
0,0001;0,2937
0,0118;0,1574
1,0000;0,1900
0,0130;0,2226
0,0000;0,4415
0,0374;0,0998
0,0548;0,1593
0,3692;0,2572
0,0000;0,5010
0,0192;0,1363
0,0000;0,3992
0,8547;0,2246
0,1286;0,1574
0,0166;0,2687
0,0167;0,3244
0,0067;0,3013
0,8109;0,2361
0,0005;0,2476
0,0034;0,2246
0,0030;0,2188
0,2419;0,4587
0,0046;0,2073
0,3928;0,1017
1,0000;0,1113
0,0017;0,2054
0,0580;0,2035
1,0000;0,2438
0,0092;0,1996
0,8812;0,2553
0,0774;0,0845
0,1717;0,1171
0,9322;0,0077
0,9194;0,0940
0,0208;0,1900
0,0005;0,3455
0,0000;0,7985
0,9165;0,0115
0,0007;0,3244
0,8510;0,0864
0,0009;0,2668
0,9502;0,0096
0,0016;0,2284
0,0000;0,2879
0,2601;0,2265
0,0041;0,1727
0,0001;0,3225
0,0038;0,1209
0,4542;0,0499
0,0000;0,4280
0,0000;0,3762
0,0000;0,4184
0,0000;0,6065
0,0021;0,2131
0,0526;0,1094
0,0002;0,2917
0,2872;0,0845
0,0000;0,4376
0,0007;0,2591
0,0006;0,1977
0,3787;0,0960
0,0006;0,2553
1,0000;0,2054
0,1527;0,2284
0,0020;0,1823
0,5812;0,0806
1,0000;0,5336
0,7456;0,4798
0,0096;0,2418
0,0003;0,3455
0,0047;0,1939
0,3208;0,0902
0,0025;0,3378
0,9334;0,0077
0,0047;0,1536
0,0012;0,2169
0,0066;0,1651
0,9541;0,3013
0,3316;0,2553
0,7807;0,2610
0,0091;0,1823
0,0010;0,2284
0,1108;0,1382
0,1845;0,0768
0,0059;0,3512
0,6444;0,5393
0,0000;0,5797
0,3874;0,0192
0,3159;0,0211
0,3847;0,0192
0,8113;0,0134
0,7544;0,0038
0,3134;0,0154
0,2980;0,0230
0,3382;0,0211
0,3320;0,0230
0,0413;0,0787
0,0020;0,2898
0,0771;0,1459
0,0089;0,3321
0,0105;0,3666
0,0005;0,4107
0,0123;0,1747
0,0643;0,1363
1,0000;0,4319
0,0124;0,1651
0,1974;0,5777
0,9900;0,0019
0,3327;0,0211
0,9253;0,5931
0,6616;0,0134
0,5576;0,0115
0,3328;0,0211
0,4271;0,0192
0,3086;0,0154
0,7197;0,0077
0,7929;0,0154
0,9382;0,0019
0,3739;0,0173
0,0347;0,1267
0,3118;0,0749
0,2599;0,2342
0,0005;0,2092
0,0008;0,2706
0,8051;0,1804
0,9601;0,0077
0,0540;0,1670
0,0291;0,3954
0,0081;0,1689
0,0057;0,2169
0,9702;0,0058
0,8883;0,0192
0,0000;0,4472
0,3012;0,1516
1,0000;0,1670
0,0003;0,2860
0,9309;0,1804
0,1895;0,0768
0,0473;0,2630
0,0485;0,2591
0,0168;0,2956
0,0003;0,2399
0,0214;0,0864
0,6770;0,0115
0,9420;0,0019
0,7325;0,0134
0,8918;0,0038
0,0049;0,1209
0,9752;0,0019
0,9585;0,0019
0,2950;0,0461
0,4157;0,0211
0,5140;0,0173
0,0653;0,0825
0,2997;0,0557
0,0316;0,2207
0,9469;0,0019
0,7032;0,0192
0,5185;0,0154
0,0829;0,1056
0,6348;0,0173
0,5173;0,0154
0,7856;0,0403
0,1337;0,0461
0,9488;0,0038
0,1020;0,0691
0,2141;0,0633
0,0497;0,0902
0,0144;0,1132
0,3521;0,0403
0,0334;0,2226
0,0070;0,1305
0,3772;0,0192
0,1429;0,0422
0,1267;0,0557
0,3593;0,0192
0,9266;0,0077
0,4188;0,0211
0,0207;0,1113
0,9348;0,0019
0,5722;0,0115
1,0000;0,0173
0,1777;0,0710
0,9375;0,0019
0,0114;0,1094
0,3779;0,0192
0,0069;0,1209
0,0628;0,0825
0,0722;0,0806
0,5446;0,0250
0,0119;0,1190
0,0096;0,1094
0,6698;0,0173
0,0022;0,1708
0,0101;0,1171
0,0512;0,0845
0,0867;0,0845
0,3514;0,0288
0,0661;0,0768
0,7577;0,0115
0,7576;0,0134
0,0067;0,1190
0,8882;0,0019
0,3124;0,0211
0,8874;0,0096
0,3612;0,0230
0,8904;0,0038
0,7625;0,0134
0,3718;0,0173
0,0285;0,0902
0,9370;0,0038
0,7955;0,0154
0,9657;0,0019
0,7185;0,0077
0,6353;0,0192
0,7614;0,0134
0,0223;0,0960
0,3384;0,0211
0,9657;0,0019
0,7635;0,0038
0,0468;0,0902
0,3618;0,1171
0,4785;0,0192
0,2886;0,0288
0,4496;0,0173
0,4442;0,0173
0,4993;0,0154
0,2045;0,0307
0,9187;0,0019
0,9643;0,0019
0,9428;0,0019
0,6368;0,0192
0,2198;0,0749
0,9328;0,0019
0,0184;0,1152
0,0074;0,1190
0,9435;0,0019
0,7855;0,0038
0,1526;0,0633
0,9422;0,0019
0,2151;0,0384
0,9581;0,0019
0,8594;0,0154
0,2070;0,0461
0,0072;0,1344
0,0511;0,0979
0,9412;0,0019
0,0196;0,1075
0,8409;0,0154
0,4518;0,0326
0,0589;0,1171
0,0000;0,4223
0,0016;0,2035
0,0287;0,0902
0,0000;0,6065
0,0141;0,1036
0,1030;0,1536
0,0025;0,2495
0,1857;0,2169
0,6352;0,0134
0,8700;0,0019
0,4978;0,0154
0,9376;0,0019
0,8459;0,0096
0,4570;0,0154
0,6453;0,0096
0,5786;0,0115
0,9205;0,0115
0,5708;0,0134
0,0114;0,1056
0,0255;0,1113
0,0243;0,0921
0,0043;0,1478
0,0263;0,1420
0,0066;0,1363
0,0255;0,0921
0,2411;0,0768
0,0037;0,1497
0,4321;0,0269
0,6184;0,0134
0,0275;0,1727
0,9361;0,0019
0,0370;0,1708
0,4045;0,0173
0,0001;0,2706
0,4037;0,0173
0,0284;0,4798
0,9326;0,0019
0,7400;0,1209
0,0036;0,2687
0,0000;0,2514
0,0001;0,2591
0,3360;0,0250
0,5817;0,0115
0,4562;0,0154
0,5062;0,0173
0,8056;0,0134
0,3999;0,1670
0,0265;0,7524
0,8943;0,0019
0,0197;0,1459
0,4529;0,0154
0,5532;0,0211
0,0340;0,1459
0,2828;0,0211
0,2681;0,2745
0,4527;0,0154
0,8507;0,0960
0,4488;0,0192
0,0059;0,2035
0,4313;0,0192
0,0000;0,5873
0,7661;0,0154
1,0000;0,4395
0,4867;0,0154
0,4167;0,0173
0,0039;0,1804
0,0001;0,3321
0,3235;0,0883
0,7069;0,0058
0,7867;0,4395
0,6967;0,0058
0,0009;0,2015
0,5342;0,0173
0,6865;0,0230
0,4589;0,0998
0,4885;0,0154
0,0002;0,3647
0,4887;0,0154
0,1535;0,1017
0,4886;0,0154
0,0007;0,2284
0,4212;0,0173
0,4915;0,0173
0,9305;0,0019
0,0065;0,2476
0,0007;0,2418
0,2451;0,1344
0,0017;0,2111

